0.0000e+00  0.0000e+00  0.0000e+00  0.0000e+00
1.0000e-04  4.4366e+00  1.1236e-02  -1.6542e-01
2.0000e-04  7.9128e+00  -3.4686e-02  -1.2781e-01
3.0000e-04  8.3477e+00  -4.8424e-02  -7.1151e-02
4.0000e-04  7.8096e+00  1.5617e-03  -8.9558e-02
5.0000e-04  1.0562e+01  -2.4201e-02  -6.4375e-02
6.0000e-04  1.1949e+01  -3.0942e-02  4.6958e-03
7.0000e-04  1.0869e+01  -1.9688e-02  1.2343e-02
8.0000e-04  1.1139e+01  -8.9508e-02  4.9086e-02
9.0000e-04  1.4282e+01  -9.5772e-02  4.9558e-02
1.0000e-03  1.2918e+01  -2.3520e-02  -2.8050e-03
1.1000e-03  1.2525e+01  -1.0396e-01  -7.7188e-03
1.2000e-03  1.4257e+01  -1.2278e-01  2.6704e-02
1.3000e-03  1.4499e+01  -4.2841e-02  1.3603e-02
1.4000e-03  1.3868e+01  -8.0082e-02  4.0260e-02
1.5000e-03  1.4784e+01  -9.7602e-02  5.7932e-02
1.6000e-03  1.5751e+01  -2.6083e-02  1.0032e-01
1.7000e-03  1.5351e+01  3.3968e-02  7.3341e-02
1.8000e-03  1.5018e+01  -8.7922e-02  7.8823e-02
1.9000e-03  1.6091e+01  -1.1310e-01  1.1757e-01
2.0000e-03  1.5572e+01  -6.7732e-02  1.1935e-01
2.1000e-03  1.5820e+01  -2.0055e-01  4.5559e-02
2.2000e-03  1.5912e+01  -2.1141e-01  5.8504e-02
2.3000e-03  1.6642e+01  -1.7073e-01  6.9723e-02
2.4000e-03  1.6405e+01  -1.8022e-01  -1.0129e-02
2.5000e-03  1.6739e+01  -2.1138e-01  -2.7301e-02
2.6000e-03  1.7317e+01  -6.8691e-02  -1.1870e-01
2.7000e-03  1.7360e+01  -2.3227e-02  -1.9817e-01
2.8000e-03  1.7649e+01  1.5885e-02  -2.7186e-01
2.9000e-03  1.7886e+01  1.4105e-01  -2.8575e-01
3.0000e-03  1.7917e+01  1.5672e-01  -2.8471e-01
3.1000e-03  1.5005e+01  1.6088e-01  -1.2856e-01
3.2000e-03  1.1886e+01  2.3661e-01  -1.7073e-01
3.3000e-03  1.1119e+01  2.8245e-01  -2.2750e-01
3.4000e-03  1.1481e+01  1.8666e-01  -1.5348e-01
3.5000e-03  9.0581e+00  2.6605e-01  -5.9544e-02
3.6000e-03  6.4693e+00  3.4027e-01  -8.5068e-02
3.7000e-03  7.0756e+00  2.6992e-01  -4.2398e-02
3.8000e-03  6.2468e+00  3.3539e-01  -1.5371e-02
3.9000e-03  1.9233e+00  3.8300e-01  5.7132e-02
4.0000e-03  2.0136e+00  2.5176e-01  1.4679e-01
4.1000e-03  2.1138e+00  2.7831e-01  2.0324e-01
4.2000e-03  -2.7447e-01  3.1493e-01  1.9838e-01
4.3000e-03  -1.1980e+00  1.5851e-01  2.2515e-01
4.4000e-03  -2.6198e-01  1.7185e-01  2.2534e-01
4.5000e-03  -1.0528e+00  1.9207e-01  2.4255e-01
4.6000e-03  -2.3108e+00  1.4982e-01  1.5781e-01
4.7000e-03  -1.8567e+00  1.0695e-01  1.3536e-01
4.8000e-03  -1.2678e+00  2.4373e-01  9.9901e-02
4.9000e-03  -2.8848e+00  3.1044e-01  -1.5828e-02
5.0000e-03  -2.3569e+00  2.2913e-01  -8.7352e-02
5.1000e-03  -2.1739e+00  3.7147e-01  -6.3737e-02
5.2000e-03  -2.3246e+00  3.3711e-01  -1.4141e-01
5.3000e-03  -2.9317e+00  2.3419e-01  -2.0781e-01
5.4000e-03  -2.4506e+00  1.5498e-01  -2.0033e-01
5.5000e-03  -2.5163e+00  1.3163e-01  -1.9563e-01
5.6000e-03  -3.3601e+00  -7.6397e-02  -9.6009e-02
5.7000e-03  -3.1073e+00  -2.3002e-01  6.7943e-02
5.8000e-03  -3.0804e+00  -2.9397e-01  2.7593e-01
5.9000e-03  -3.5444e+00  -4.8952e-01  3.7952e-01
6.0000e-03  -3.5371e+00  -5.3389e-01  4.2392e-01
6.1000e-03  -3.2858e+00  -5.8487e-01  3.7132e-01
6.2000e-03  -3.3023e+00  -5.9908e-01  2.7230e-01
6.3000e-03  -3.5272e+00  -6.3652e-01  1.8020e-01
6.4000e-03  -2.9240e+00  -5.5518e-01  1.0419e-01
6.5000e-03  -2.7462e+00  -5.2033e-01  4.2642e-02
6.6000e-03  -2.4597e+00  -5.1605e-01  7.4969e-02
6.7000e-03  -1.7610e+00  -3.7595e-01  9.5057e-02
6.8000e-03  -6.8099e-01  -2.8566e-01  6.0122e-02
6.9000e-03  2.4196e-01  -2.4198e-01  9.9163e-04
7.0000e-03  1.4003e+00  -1.3164e-01  -1.3114e-01
7.1000e-03  2.8652e+00  1.9080e-02  -2.6981e-01
7.2000e-03  3.8883e+00  4.4663e-02  -4.3997e-01
7.3000e-03  4.9267e+00  1.7703e-01  -5.8200e-01
7.4000e-03  6.0305e+00  2.0155e-01  -7.3972e-01
7.5000e-03  6.9316e+00  1.5191e-01  -8.0349e-01
7.6000e-03  7.6960e+00  3.1884e-02  -7.4929e-01
7.7000e-03  8.4948e+00  -7.6293e-02  -6.3464e-01
7.8000e-03  9.2812e+00  -1.8262e-01  -4.1201e-01
7.9000e-03  9.6509e+00  -3.3712e-01  -1.5130e-01
8.0000e-03  9.8019e+00  -2.9170e-01  6.4663e-02
8.1000e-03  9.8702e+00  -3.3323e-01  3.0521e-01
8.2000e-03  9.6162e+00  -2.2816e-01  5.1342e-01
8.3000e-03  9.3279e+00  -1.5749e-01  6.2623e-01
8.4000e-03  9.4642e+00  -1.8748e-02  7.1153e-01
8.5000e-03  9.4889e+00  9.2802e-02  7.4623e-01
8.6000e-03  9.6412e+00  1.6634e-01  6.4058e-01
8.7000e-03  9.8079e+00  3.1737e-01  4.5303e-01
8.8000e-03  9.9021e+00  3.7935e-01  1.9622e-01
8.9000e-03  9.8979e+00  5.3499e-01  -6.4396e-02
9.0000e-03  9.8966e+00  5.8157e-01  -2.8387e-01
9.1000e-03  1.0111e+01  7.2177e-01  -3.2822e-01
9.2000e-03  1.0228e+01  7.5139e-01  -3.2175e-01
9.3000e-03  1.0384e+01  7.6928e-01  -2.8964e-01
9.4000e-03  1.0728e+01  7.4534e-01  -2.3120e-01
9.5000e-03  1.0832e+01  6.2980e-01  -2.1828e-01
9.6000e-03  1.0991e+01  4.7426e-01  -2.0553e-01
9.7000e-03  1.1073e+01  2.4823e-01  -1.7125e-01
9.8000e-03  1.1114e+01  7.0268e-02  -8.1253e-02
9.9000e-03  1.0931e+01  -1.8444e-01  2.6627e-02
1.0000e-02  1.0646e+01  -3.2177e-01  1.9527e-01
1.0100e-02  1.0119e+01  -4.7630e-01  3.7338e-01
1.0200e-02  9.2398e+00  -5.6999e-01  5.5340e-01
1.0300e-02  8.1414e+00  -6.1215e-01  6.9860e-01
1.0400e-02  6.8581e+00  -5.5256e-01  7.8189e-01
1.0500e-02  5.4209e+00  -4.9442e-01  7.6667e-01
1.0600e-02  3.9387e+00  -3.3955e-01  6.4230e-01
1.0700e-02  2.6417e+00  -9.2346e-02  4.7940e-01
1.0800e-02  1.4465e+00  4.5260e-02  2.1397e-01
1.0900e-02  4.8311e-01  2.8031e-01  -5.5688e-02
1.1000e-02  -1.3580e-01  4.1300e-01  -3.2015e-01
1.1100e-02  -5.5526e-01  5.0852e-01  -5.4089e-01
1.1200e-02  -7.4924e-01  5.2005e-01  -7.5655e-01
1.1300e-02  -7.3444e-01  5.4942e-01  -8.4910e-01
1.1400e-02  -5.6939e-01  4.9734e-01  -8.4832e-01
1.1500e-02  -3.0397e-01  3.7194e-01  -8.1099e-01
1.1600e-02  7.8424e-02  3.2933e-01  -6.5653e-01
1.1700e-02  5.6199e-01  1.4498e-01  -5.0058e-01
1.1800e-02  9.9302e-01  -1.9725e-02  -3.0943e-01
1.1900e-02  1.3470e+00  -2.0942e-01  -1.4137e-01
1.2000e-02  1.6053e+00  -3.7268e-01  7.0828e-02
1.2100e-02  1.6050e+00  -5.8106e-01  2.4083e-01
1.2200e-02  1.4508e+00  -6.8688e-01  4.2857e-01
1.2300e-02  1.2305e+00  -7.4807e-01  6.0120e-01
1.2400e-02  9.5635e-01  -7.9911e-01  6.7788e-01
1.2500e-02  7.3119e-01  -7.0650e-01  7.3952e-01
1.2600e-02  5.9894e-01  -6.0646e-01  6.8015e-01
1.2700e-02  5.1275e-01  -4.3628e-01  5.5809e-01
1.2800e-02  4.2538e-01  -2.4655e-01  3.3465e-01
1.2900e-02  3.4251e-01  -1.3422e-03  1.1040e-01
1.3000e-02  3.4796e-01  1.8234e-01  -1.3336e-01
1.3100e-02  3.4115e-01  3.5218e-01  -3.2658e-01
1.3200e-02  5.5737e-01  5.1258e-01  -4.4756e-01
1.3300e-02  9.2518e-01  5.5144e-01  -5.0618e-01
1.3400e-02  1.4726e+00  5.7884e-01  -4.5046e-01
1.3500e-02  2.1502e+00  5.4764e-01  -3.7963e-01
1.3600e-02  2.9827e+00  4.8396e-01  -2.4607e-01
1.3700e-02  3.8685e+00  3.7799e-01  -1.0542e-01
1.3800e-02  4.7666e+00  2.8685e-01  -3.9918e-04
1.3900e-02  5.7347e+00  1.4595e-01  6.3562e-02
1.4000e-02  6.6251e+00  -7.2424e-03  1.3126e-01
1.4100e-02  7.3806e+00  -1.2752e-01  1.6378e-01
1.4200e-02  7.9599e+00  -2.7362e-01  1.6317e-01
1.4300e-02  8.2532e+00  -3.6031e-01  2.0366e-01
1.4400e-02  8.1546e+00  -3.8071e-01  2.1127e-01
1.4500e-02  7.7454e+00  -3.5254e-01  2.1985e-01
1.4600e-02  7.0547e+00  -2.6366e-01  2.3076e-01
1.4700e-02  6.1753e+00  -1.1196e-01  2.6986e-01
1.4800e-02  5.2094e+00  7.0120e-02  2.6618e-01
1.4900e-02  4.3440e+00  2.2947e-01  2.5766e-01
1.5000e-02  3.5026e+00  4.1813e-01  2.1420e-01
1.5100e-02  2.7421e+00  5.3640e-01  8.3538e-02
1.5200e-02  2.0897e+00  5.9422e-01  -1.0088e-01
1.5300e-02  1.4680e+00  6.0755e-01  -3.2739e-01
1.5400e-02  9.0563e-01  5.6050e-01  -5.3252e-01
1.5500e-02  3.9916e-01  4.6125e-01  -7.1568e-01
1.5600e-02  3.3919e-02  3.0946e-01  -7.4280e-01
1.5700e-02  -3.5185e-01  2.0293e-01  -7.0318e-01
1.5800e-02  -6.3685e-01  2.8824e-02  -5.5155e-01
1.5900e-02  -9.2627e-01  -1.3079e-01  -2.9414e-01
1.6000e-02  -1.2406e+00  -2.7322e-01  -1.8026e-02
1.6100e-02  -1.6136e+00  -4.1331e-01  2.4074e-01
1.6200e-02  -1.9889e+00  -5.5707e-01  4.8554e-01
1.6300e-02  -2.3737e+00  -6.4870e-01  6.8371e-01
1.6400e-02  -2.7796e+00  -7.2799e-01  7.6311e-01
1.6500e-02  -3.1150e+00  -7.8749e-01  8.0208e-01
1.6600e-02  -3.4371e+00  -7.7382e-01  7.6803e-01
1.6700e-02  -3.7554e+00  -7.5102e-01  6.6146e-01
1.6800e-02  -4.1233e+00  -7.0708e-01  5.4262e-01
1.6900e-02  -4.5032e+00  -6.1022e-01  3.9713e-01
1.7000e-02  -4.9867e+00  -4.9705e-01  2.3535e-01
1.7100e-02  -5.5074e+00  -3.7774e-01  7.0199e-02
1.7200e-02  -6.0115e+00  -2.5847e-01  -5.8066e-02
1.7300e-02  -6.4449e+00  -1.0192e-01  -2.3715e-01
1.7400e-02  -6.7337e+00  -2.9539e-02  -3.8656e-01
1.7500e-02  -6.8291e+00  2.2824e-02  -5.3518e-01
1.7600e-02  -6.6468e+00  2.6362e-02  -6.6362e-01
1.7700e-02  -6.2777e+00  -2.1831e-02  -7.4183e-01
1.7800e-02  -5.6446e+00  -1.2790e-01  -7.4712e-01
1.7900e-02  -4.8363e+00  -2.4532e-01  -6.3228e-01
1.8000e-02  -3.8404e+00  -3.6208e-01  -4.7101e-01
1.8100e-02  -2.7368e+00  -5.0195e-01  -1.9911e-01
1.8200e-02  -1.5363e+00  -5.7854e-01  5.3938e-02
1.8300e-02  -2.7503e-01  -6.4844e-01  3.1529e-01
1.8400e-02  9.3111e-01  -6.6097e-01  5.1008e-01
1.8500e-02  2.1404e+00  -6.4952e-01  6.1419e-01
1.8600e-02  3.2508e+00  -5.6782e-01  6.3989e-01
1.8700e-02  4.3329e+00  -4.8042e-01  5.8326e-01
1.8800e-02  5.3268e+00  -3.5834e-01  4.6376e-01
1.8900e-02  6.2927e+00  -1.8505e-01  2.7871e-01
1.9000e-02  7.1866e+00  -3.7395e-02  7.3669e-02
1.9100e-02  7.9650e+00  1.6252e-01  -1.7031e-01
1.9200e-02  8.6412e+00  3.1893e-01  -4.0817e-01
1.9300e-02  9.1426e+00  5.2531e-01  -6.8408e-01
1.9400e-02  9.5325e+00  6.9071e-01  -8.9269e-01
1.9500e-02  9.7655e+00  8.5457e-01  -1.0386e+00
1.9600e-02  9.9685e+00  9.3971e-01  -1.1388e+00
1.9700e-02  1.0099e+01  9.8575e-01  -1.1242e+00
1.9800e-02  1.0247e+01  9.8039e-01  -9.6798e-01
1.9900e-02  1.0377e+01  8.8341e-01  -7.3741e-01
2.0000e-02  1.0521e+01  8.0263e-01  -4.0980e-01
2.0100e-02  1.0654e+01  6.5413e-01  9.2803e-03