   1    1  1.2449e-04  0.0000e+00  1.6007e+04 
   1    2  7.0156e-03  1.3040e+00  8.9588e+05 
   1    3  5.3356e-03  1.1063e+00  9.5576e+05 
   1    4  9.2748e-04  7.0027e-01  1.6656e+05 
   1    5  3.1593e-04  4.1980e-01  5.5249e+04 
   1    6  1.2758e-04  2.3440e-01  2.2985e+04 
   1    7  4.2505e-05  1.2010e-01  7.6171e+03 
   1    8  2.0440e-05  5.5219e-02  3.4993e+03 
   1    9  8.1560e-06  2.4962e-02  1.0726e+03 
   1   10  4.4810e-06  1.0720e-02  6.2404e+02 
   1   11  4.3548e-06  4.4212e-03  2.6838e+02 
   1   12  2.9762e-06  1.8292e-03  4.3314e+02 
   1   13  1.4053e-06  7.8235e-04  2.4059e+02 
   1   14  3.3845e-07  2.9763e-04  5.7011e+01 
   1   15  1.0049e-07  8.8691e-05  1.7341e+01 
   1   16  2.2709e-08  3.8306e-05  3.7719e+00 
   1   17  1.2771e-08  3.7003e-05  2.1844e+00 
   1   18  3.6957e-09  1.8818e-05  3.5493e-01 
   1   19  2.4663e-09  5.6401e-06  3.6774e-01 
   1   20  1.2389e-09  2.7016e-06  2.1716e-01 
   2    1  2.9578e-04  2.6243e-01  3.5126e+04 
   2    2  1.8018e-04  5.0330e-01  3.2459e+04 
   2    3  1.4076e-05  1.8978e-02  2.5139e+03 
   2    4  1.0878e-06  4.5990e-03  1.7105e+02 
   2    5  5.0672e-07  2.6955e-03  8.5460e+01 
   2    6  1.6953e-07  7.7607e-04  2.5473e+01 
   2    7  8.2822e-08  2.9714e-04  1.3354e+01 
   2    8  3.5165e-08  1.2014e-04  5.3519e+00 
   2    9  1.6240e-08  5.1751e-05  2.5697e+00 
   2   10  6.6809e-09  2.1808e-05  1.0981e+00 
   2   11  2.6174e-09  7.5973e-06  4.6240e-01 
   3    1  3.6608e-04  2.7894e-01  4.0919e+04 
   3    2  2.3100e-04  5.5597e-01  4.1645e+04 
   3    3  6.0982e-06  2.6979e-02  1.1225e+03 
   3    4  1.3268e-06  6.5382e-03  2.3020e+02 
   3    5  4.3214e-07  2.6525e-03  7.6036e+01 
   3    6  1.4719e-07  9.5987e-04  2.6485e+01 
   3    7  4.7234e-08  3.1298e-04  8.2670e+00 
   3    8  2.0339e-08  1.1410e-04  3.4966e+00 
   3    9  8.5172e-09  4.6248e-05  1.5424e+00 
   3   10  2.3949e-09  1.5760e-05  4.2075e-01 
   4    1  3.9256e-04  2.9069e-01  4.3319e+04 
   4    2  2.3234e-04  5.3090e-01  4.1835e+04 
   4    3  6.2777e-06  2.4488e-02  1.0955e+03 
   4    4  1.3685e-06  9.1900e-03  2.3954e+02 
   4    5  4.1405e-07  2.7648e-03  6.7321e+01 
   4    6  1.8312e-07  9.0833e-04  3.0305e+01 
   4    7  6.4501e-08  3.3913e-04  1.1381e+01 
   4    8  1.3723e-08  8.0979e-05  2.0186e+00 
   4    9  6.6704e-09  2.5873e-05  1.0771e+00 
   4   10  3.0409e-09  9.1459e-06  5.4236e-01 
   5    1  4.0003e-04  2.7879e-01  4.3375e+04 
   5    2  2.3077e-04  4.9798e-01  4.1451e+04 
   5    3  8.1951e-06  1.8403e-02  1.4702e+03 
   5    4  6.7724e-07  4.4052e-03  1.1815e+02 
   5    5  1.9454e-07  1.6422e-03  3.1996e+01 
   5    6  7.6985e-08  4.6011e-04  1.0878e+01 
   5    7  4.3739e-08  1.4047e-04  7.6255e+00 
   5    8  9.2189e-09  3.6313e-05  1.6526e+00 
   5    9  1.1147e-09  1.0352e-05  1.8339e-01 
   6    1  4.0955e-04  2.6643e-01  4.2266e+04 
   6    2  2.3481e-04  4.7354e-01  4.2154e+04 
   6    3  4.2175e-06  2.4014e-02  7.4555e+02 
   6    4  9.7103e-07  7.1781e-03  1.7297e+02 
   6    5  3.0950e-07  1.9405e-03  5.6362e+01 
   6    6  5.8108e-08  5.6504e-04  1.0801e+01 
   6    7  1.6207e-08  1.5486e-04  2.8501e+00 
   6    8  5.3146e-09  4.5573e-05  9.2255e-01 
   6    9  1.9271e-09  1.4116e-05  3.5398e-01 
   7    1  4.1441e-04  2.4885e-01  4.2372e+04 
   7    2  2.1974e-04  4.6255e-01  3.9349e+04 
   7    3  1.7554e-05  5.4003e-02  3.1152e+03 
   7    4  7.9540e-07  7.9535e-03  1.3948e+02 
   7    5  2.8642e-07  2.3253e-03  4.1621e+01 
   7    6  1.4220e-07  6.4429e-04  2.3547e+01 
   7    7  5.0631e-08  1.9317e-04  8.9708e+00 
   7    8  8.3999e-09  5.4149e-05  1.5382e+00 
   7    9  1.1464e-09  1.4429e-05  2.1315e-01 
   8    1  4.1211e-04  2.4829e-01  4.1906e+04 
   8    2  2.2721e-04  4.6926e-01  4.0695e+04 
   8    3  3.4182e-06  3.3113e-02  5.3361e+02 
   8    4  1.5944e-06  5.9008e-03  2.6821e+02 
   8    5  4.6365e-07  1.9498e-03  7.9549e+01 
   8    6  1.0872e-07  4.8843e-04  1.8219e+01 
   8    7  3.3448e-08  1.2901e-04  5.8069e+00 
   8    8  8.4908e-09  3.9911e-05  1.5255e+00 
   8    9  1.3532e-09  1.1768e-05  2.4666e-01 
   9    1  4.1310e-04  2.5399e-01  4.0757e+04 
   9    2  2.1818e-04  4.6612e-01  3.9049e+04 
   9    3  8.9468e-06  2.7528e-02  1.5865e+03 
   9    4  6.6961e-07  5.5674e-03  1.1111e+02 
   9    5  2.4394e-07  1.6398e-03  3.9301e+01 
   9    6  9.9486e-08  4.8040e-04  1.7309e+01 
   9    7  2.8652e-08  1.2872e-04  5.1815e+00 
   9    8  3.7036e-09  3.6567e-05  6.4040e-01 
  10    1  4.1381e-04  2.4131e-01  4.0334e+04 
  10    2  2.0867e-04  4.5177e-01  3.7257e+04 
  10    3  1.6501e-05  4.2148e-02  2.9271e+03 
  10    4  1.2432e-06  5.5554e-03  2.2232e+02 
  10    5  1.5802e-07  1.6135e-03  2.8648e+01 
  10    6  5.2613e-08  4.8299e-04  9.3794e+00 
  10    7  1.3675e-08  1.4154e-04  2.5575e+00 
  10    8  3.2008e-09  3.6990e-05  5.7161e-01 
  11    1  4.0833e-04  2.3872e-01  4.0076e+04 
  11    2  2.0947e-04  4.5699e-01  3.7425e+04 
  11    3  1.1365e-05  2.2913e-02  2.0081e+03 
  11    4  9.8444e-07  6.5656e-03  1.7470e+02 
  11    5  2.1782e-07  1.7483e-03  3.7090e+01 
  11    6  8.6014e-08  4.9257e-04  1.5403e+01 
  11    7  2.1626e-08  1.2660e-04  3.5242e+00 
  11    8  8.1990e-09  4.3218e-05  1.3469e+00 
  11    9  3.2285e-09  1.1690e-05  5.7513e-01 
  12    1  4.0409e-04  2.4313e-01  3.8956e+04 
  12    2  2.1715e-04  4.5809e-01  3.8810e+04 
  12    3  1.2399e-05  4.0287e-02  1.8373e+03 
  12    4  6.7344e-06  2.1559e-02  1.1751e+03 
  12    5  3.0998e-06  7.8353e-03  5.0553e+02 
  12    6  1.2364e-06  2.3789e-03  2.1534e+02 
  12    7  3.5812e-07  1.0481e-03  6.2888e+01 
  12    8  1.4116e-07  4.6044e-04  2.2652e+01 
  12    9  5.6107e-08  1.5023e-04  6.7143e+00 
  12   10  4.2105e-08  5.8506e-05  7.4664e+00 
  12   11  3.0389e-09  1.5931e-05  4.6346e-01 
  13    1  4.0183e-04  2.3675e-01  3.8264e+04 
  13    2  2.1286e-04  4.6149e-01  3.8022e+04 
  13    3  8.1574e-06  3.8438e-02  1.2830e+03 
  13    4  4.0315e-06  1.8264e-02  7.0944e+02 
  13    5  1.3102e-06  5.7305e-03  2.3395e+02 
  13    6  4.4901e-07  1.9763e-03  8.0251e+01 
  13    7  1.6053e-07  8.5288e-04  2.7486e+01 
  13    8  7.3148e-08  3.2815e-04  1.2460e+01 
  13    9  2.5481e-08  1.4241e-04  4.5917e+00 
  13   10  7.8970e-09  3.9288e-05  1.3895e+00 
  13   11  2.5612e-09  1.4154e-05  4.6037e-01 
  14    1  3.9547e-04  2.4000e-01  3.7931e+04 
  14    2  2.0079e-04  4.6261e-01  3.5800e+04 
  14    3  1.1114e-05  3.0873e-02  1.9732e+03 
  14    4  2.2500e-06  1.3657e-02  4.0953e+02 
  14    5  6.8068e-07  4.5713e-03  1.2077e+02 
  14    6  2.6278e-07  1.4266e-03  4.6558e+01 
  14    7  1.0282e-07  5.6062e-04  1.6890e+01 
  14    8  4.5940e-08  2.0357e-04  7.4455e+00 
  14    9  2.0531e-08  7.1214e-05  3.6826e+00 
  14   10  3.4327e-09  1.9896e-05  4.5186e-01 
  15    1  3.8864e-04  2.3995e-01  3.7054e+04 
  15    2  2.1000e-04  4.5567e-01  3.7419e+04 
  15    3  4.4758e-06  3.1939e-02  7.2150e+02 
  15    4  1.8761e-06  1.1523e-02  3.3279e+02 
  15    5  5.3498e-07  2.8899e-03  9.0729e+01 
  15    6  1.6516e-07  8.1021e-04  2.0083e+01 
  15    7  1.2108e-07  2.8618e-04  2.1980e+01 
  15    8  9.7119e-09  8.1858e-05  1.6315e+00 
  15    9  3.7311e-09  2.3073e-05  5.9289e-01 
  16    1  3.8517e-04  2.3590e-01  3.6017e+04 
  16    2  1.7985e-04  4.5698e-01  3.1704e+04 
  16    3  2.0755e-05  3.6065e-02  3.6080e+03 
  16    4  4.6864e-06  1.1975e-02  8.3589e+02 
  16    5  9.6288e-07  4.2271e-03  1.6641e+02 
  16    6  2.5142e-07  1.2849e-03  4.3103e+01 
  16    7  1.1091e-07  3.8545e-04  2.0037e+01 
  16    8  1.6357e-08  1.0265e-04  2.9680e+00 
  16    9  3.4984e-09  3.3909e-05  6.2079e-01 
  17    1  3.8055e-04  2.3576e-01  3.5616e+04 
  17    2  1.8240e-04  4.6606e-01  3.2225e+04 
  17    3  1.7188e-05  3.9489e-02  3.0543e+03 
  17    4  4.3437e-06  1.2809e-02  7.5593e+02 
  17    5  1.2176e-06  3.0114e-03  2.1948e+02 
  17    6  2.9599e-07  8.7461e-04  4.7188e+01 
  17    7  1.3588e-07  2.6702e-04  2.4610e+01 
  17    8  1.2023e-08  7.5934e-05  2.1277e+00 
  17    9  2.9438e-09  2.0086e-05  5.3044e-01 
  18    1  3.7508e-04  2.4584e-01  3.4974e+04 
  18    2  1.8014e-04  4.7153e-01  3.1922e+04 
  18    3  1.3083e-05  3.5291e-02  1.5028e+03 
  18    4  9.2194e-06  1.2217e-02  1.6692e+03 
  18    5  8.4813e-07  3.1428e-03  1.5038e+02 
  18    6  1.4898e-07  8.3549e-04  1.8838e+01 
  18    7  1.0708e-07  2.5040e-04  1.9438e+01 
  18    8  6.9912e-09  6.1335e-05  1.2346e+00 
  18    9  2.1456e-09  1.8322e-05  3.8209e-01 
  19    1  3.7233e-04  2.4089e-01  3.3997e+04 
  19    2  1.7128e-04  4.6262e-01  3.0166e+04 
  19    3  1.9821e-05  3.1517e-02  3.5499e+03 
  19    4  2.1140e-06  9.6505e-03  3.8159e+02 
  19    5  2.4760e-07  2.1392e-03  3.6923e+01 
  19    6  1.2180e-07  7.0848e-04  1.9684e+01 
  19    7  5.4968e-08  2.1053e-04  9.9946e+00 
  19    8  5.7209e-09  5.1357e-05  1.0108e+00 
  19    9  1.8803e-09  1.3198e-05  2.3847e-01 
  20    1  3.6946e-04  2.3616e-01  3.3383e+04 
  20    2  1.9748e-04  4.6506e-01  3.4960e+04 
  20    3  9.5763e-06  3.0784e-02  1.5509e+03 
  20    4  3.3522e-06  9.5386e-03  6.0612e+02 
  20    5  4.8563e-07  2.3938e-03  8.7912e+01 
  20    6  7.2537e-08  6.8225e-04  1.1874e+01 
  20    7  2.9647e-08  2.0689e-04  3.7925e+00 
  20    8  1.6229e-08  5.5761e-05  2.3665e+00 
  20    9  8.1314e-09  1.6723e-05  1.4380e+00 
  20   10  1.3675e-09  4.2838e-06  2.4008e-01 
  21    1  3.6461e-04  2.4269e-01  3.2825e+04 
  21    2  1.8875e-04  4.7163e-01  3.3395e+04 
  21    3  5.4685e-06  2.6744e-02  7.8269e+02 
  21    4  3.0370e-06  8.1820e-03  5.5294e+02 
  21    5  3.4874e-07  1.9950e-03  6.2739e+01 
  21    6  6.0343e-08  5.3421e-04  1.1048e+01 
  21    7  1.6174e-08  1.4736e-04  2.5584e+00 
  21    8  7.0801e-09  4.4368e-05  1.0168e+00 
  21    9  3.5475e-09  1.1744e-05  5.9819e-01 
  22    1  3.6132e-04  2.4050e-01  3.1819e+04 
  22    2  1.8095e-04  4.6179e-01  3.1980e+04 
  22    3  4.8193e-06  3.2559e-02  8.2193e+02 
  22    4  1.6401e-06  8.4838e-03  2.8817e+02 
  22    5  2.2200e-07  2.2287e-03  3.8729e+01 
  22    6  9.5476e-08  5.9473e-04  1.7008e+01 
  22    7  1.5982e-08  1.6807e-04  2.9636e+00 
  22    8  4.9610e-09  4.2698e-05  8.7401e-01 
  22    9  1.1954e-09  1.1208e-05  2.0819e-01 
  23    1  3.5952e-04  2.3315e-01  3.0968e+04 
  23    2  1.6813e-04  4.6076e-01  2.9641e+04 
  23    3  8.5940e-06  3.0432e-02  1.4346e+03 
  23    4  3.7138e-06  1.3659e-02  6.4475e+02 
  23    5  1.2083e-06  3.7512e-03  1.7831e+02 
  23    6  5.9358e-07  1.3625e-03  9.4865e+01 
  23    7  2.4127e-07  6.2704e-04  4.2376e+01 
  23    8  4.8963e-08  2.1752e-04  7.4133e+00 
  23    9  2.8149e-08  7.0962e-05  4.9966e+00 
  23   10  2.1925e-09  2.0260e-05  3.9066e-01 
  24    1  3.5664e-04  2.3823e-01  3.0503e+04 
  24    2  1.6635e-04  4.6703e-01  2.9386e+04 
  24    3  5.1579e-06  2.9632e-02  6.8661e+02 
  24    4  2.9483e-06  1.1977e-02  5.0256e+02 
  24    5  9.4292e-07  3.5812e-03  1.5673e+02 
  24    6  3.8831e-07  1.5227e-03  6.9351e+01 
  24    7  1.1413e-07  5.3571e-04  1.7800e+01 
  24    8  5.0136e-08  2.3357e-04  7.6064e+00 
  24    9  2.5569e-08  7.5090e-05  4.3959e+00 
  24   10  7.4983e-09  3.0014e-05  1.3506e+00 
  24   11  8.8643e-10  7.8282e-06  1.6012e-01 
  25    1  3.5429e-04  2.3998e-01  2.9803e+04 
  25    2  1.6707e-04  4.6087e-01  2.9565e+04 
  25    3  7.8206e-06  2.8630e-02  1.1753e+03 
  25    4  4.0822e-06  1.3018e-02  7.3863e+02 
  25    5  7.8021e-07  3.7139e-03  1.4008e+02 
  25    6  2.4290e-07  1.3459e-03  4.3314e+01 
  25    7  9.1730e-08  5.3381e-04  1.6803e+01 
  25    8  2.6534e-08  1.5091e-04  4.3722e+00 
  25    9  1.3395e-08  5.4683e-05  2.3891e+00 
  25   10  2.7225e-09  1.9337e-05  5.1310e-01 
  26    1  3.5353e-04  2.3273e-01  2.8981e+04 
  26    2  1.5303e-04  4.5317e-01  2.7072e+04 
  26    3  8.9782e-06  3.3340e-02  1.4703e+03 
  26    4  3.9603e-06  1.1057e-02  7.0848e+02 
  26    5  8.4374e-07  3.8039e-03  1.3512e+02 
  26    6  3.3127e-07  9.1423e-04  5.6523e+01 
  26    7  8.7896e-08  2.2027e-04  1.5666e+01 
  26    8  1.4580e-08  7.0047e-05  2.3741e+00 
  26    9  8.2824e-09  2.1060e-05  1.4695e+00 
  26   10  1.5929e-09  6.6448e-06  2.8956e-01 
  27    1  3.5180e-04  2.2956e-01  2.8509e+04 
  27    2  1.5023e-04  4.5198e-01  2.6639e+04 
  27    3  8.3600e-06  3.1846e-02  1.2889e+03 
  27    4  3.4992e-06  1.1309e-02  5.6782e+02 
  27    5  1.1355e-06  3.0890e-03  1.7074e+02 
  27    6  5.0449e-07  1.2208e-03  8.5700e+01 
  27    7  1.4350e-07  3.4090e-04  2.5377e+01 
  27    8  2.8404e-08  1.0231e-04  5.0411e+00 
  27    9  3.1046e-09  2.7830e-05  5.2008e-01 
  28    1  3.4933e-04  2.3257e-01  2.8016e+04 
  28    2  1.5299e-04  4.5118e-01  2.7307e+04 
  28    3  5.0296e-06  2.4579e-02  8.7436e+02 
  28    4  1.5389e-06  7.3511e-03  2.4394e+02 
  28    5  5.8171e-07  1.9907e-03  9.5409e+01 
  28    6  1.8594e-07  5.3969e-04  3.1935e+01 
  28    7  5.2259e-08  1.5682e-04  8.9692e+00 
  28    8  1.1649e-08  4.4851e-05  2.0955e+00 
  28    9  2.4674e-09  1.1624e-05  4.3522e-01 
  29    1  3.4816e-04  2.2844e-01  2.7214e+04 
  29    2  1.5246e-04  4.4362e-01  2.7252e+04 
  29    3  2.6350e-06  2.5067e-02  4.6303e+02 
  29    4  9.0767e-07  8.1623e-03  1.6779e+02 
  29    5  3.4743e-07  2.0504e-03  5.8052e+01 
  29    6  1.3079e-07  5.4556e-04  2.2934e+01 
  29    7  2.5759e-08  1.6580e-04  4.6388e+00 
  29    8  6.7874e-09  4.3840e-05  1.0041e+00 
  29    9  2.9410e-09  1.2016e-05  4.2633e-01 
  30    1  3.4661e-04  2.2500e-01  2.6636e+04 
  30    2  1.5196e-04  4.4539e-01  2.7168e+04 
  30    3  3.8734e-06  2.6286e-02  5.8768e+02 
  30    4  1.7679e-06  8.0254e-03  3.0382e+02 
  30    5  4.8226e-07  2.1316e-03  8.3867e+01 
  30    6  9.0083e-08  5.7175e-04  1.3193e+01 
  30    7  4.3095e-08  1.7125e-04  6.7903e+00 
  30    8  1.8991e-08  4.2581e-05  3.3452e+00 
  30    9  2.1021e-09  1.0998e-05  3.5726e-01 
  31    1  3.0093e-04  2.2953e-01  2.2863e+04 
  31    2  1.3666e-04  5.6716e-01  2.4401e+04 
  31    3  1.7722e-05  1.4526e-01  3.0605e+03 
  31    4  6.0310e-06  3.5895e-02  1.0539e+03 
  31    5  1.2926e-06  9.9887e-03  2.3079e+02 
  31    6  2.7007e-07  2.7123e-03  4.6844e+01 
  31    7  8.7159e-08  6.9860e-04  1.2956e+01 
  31    8  4.4875e-08  2.0253e-04  7.8558e+00 
  31    9  1.3608e-08  5.4538e-05  2.4192e+00 
  31   10  2.6560e-09  1.3524e-05  3.9156e-01 
  32    1  3.3332e-04  3.5075e-01  3.2052e+04 
  32    2  1.7731e-04  6.6740e-01  3.1893e+04 
  32    3  1.6302e-05  6.5771e-02  2.3611e+03 
  32    4  7.8366e-06  2.2144e-02  1.2379e+03 
  32    5  2.6627e-06  6.0369e-03  4.4304e+02 
  32    6  8.7831e-07  1.6881e-03  1.5391e+02 
  32    7  1.5787e-07  4.5995e-04  2.8136e+01 
  32    8  1.4604e-08  1.2250e-04  2.5727e+00 
  32    9  4.4762e-09  3.7537e-05  7.5467e-01 
  32   10  2.1396e-09  1.1620e-05  3.9196e-01 
  33    1  3.8328e-04  3.5606e-01  3.6640e+04 
  33    2  2.1626e-04  7.1850e-01  3.8603e+04 
  33    3  1.4545e-05  5.3450e-02  2.5590e+03 
  33    4  3.6912e-06  1.7652e-02  6.4680e+02 
  33    5  6.8761e-07  4.8620e-03  1.2344e+02 
  33    6  1.3758e-07  1.3340e-03  2.2839e+01 
  33    7  6.9423e-08  3.4798e-04  1.2537e+01 
  33    8  1.6059e-08  8.8799e-05  2.5915e+00 
  33    9  5.3246e-09  2.0643e-05  8.3360e-01 
  33   10  2.4115e-09  5.5372e-06  4.2079e-01 
  34    1  4.1010e-04  3.7137e-01  3.9894e+04 
  34    2  2.3347e-04  7.0075e-01  4.1578e+04 
  34    3  2.1298e-05  7.2169e-02  3.2986e+03 
  34    4  1.0008e-05  3.9092e-02  1.8250e+03 
  34    5  2.5265e-06  9.8460e-03  4.4640e+02 
  34    6  6.3298e-07  3.0058e-03  1.0287e+02 
  34    7  3.0573e-07  1.2790e-03  5.6477e+01 
  34    8  9.1706e-08  3.6792e-04  1.3717e+01 
  34    9  4.8976e-08  1.1631e-04  8.5786e+00 
  34   10  9.2536e-09  3.6537e-05  1.2022e+00 
  34   11  5.4801e-09  1.1116e-05  9.5600e-01 
  34   12  1.1690e-09  2.7327e-06  2.0259e-01 
  35    1  4.2090e-04  3.5999e-01  4.0693e+04 
  35    2  2.2769e-04  6.6995e-01  4.0413e+04 
  35    3  8.6515e-06  5.9843e-02  1.2768e+03 
  35    4  6.2320e-06  2.5233e-02  1.0824e+03 
  35    5  1.9135e-06  1.0736e-02  3.3757e+02 
  35    6  5.9007e-07  3.0646e-03  1.0079e+02 
  35    7  2.2014e-07  1.0518e-03  3.7237e+01 
  35    8  7.7469e-08  4.5893e-04  1.4207e+01 
  35    9  1.9754e-08  1.2633e-04  3.4472e+00 
  35   10  6.9152e-09  4.3848e-05  1.2315e+00 
  35   11  1.8875e-09  1.4535e-05  3.4040e-01 
  36    1  4.3486e-04  3.4428e-01  4.0117e+04 
  36    2  2.3690e-04  6.3895e-01  4.1861e+04 
  36    3  1.0887e-05  5.4327e-02  1.6620e+03 
  36    4  5.7445e-06  1.8614e-02  1.0305e+03 
  36    5  1.0751e-06  6.5929e-03  1.8793e+02 
  36    6  4.6538e-07  2.2014e-03  7.5279e+01 
  36    7  2.2650e-07  8.3070e-04  3.8435e+01 
  36    8  8.4105e-08  3.5226e-04  1.5446e+01 
  36    9  1.8211e-08  1.0703e-04  3.1637e+00 
  36   10  8.3311e-09  2.9959e-05  1.4703e+00 
  36   11  1.1456e-09  7.6049e-06  1.9983e-01 
  37    1  4.4466e-04  3.2709e-01  4.0772e+04 
  37    2  2.2791e-04  6.2751e-01  4.0244e+04 
  37    3  1.3574e-05  6.9704e-02  2.3262e+03 
  37    4  3.8628e-06  2.6053e-02  6.5992e+02 
  37    5  1.3863e-06  6.4192e-03  2.4060e+02 
  37    6  2.7411e-07  1.9246e-03  4.7421e+01 
  37    7  9.5991e-08  6.0610e-04  1.6041e+01 
  37    8  3.4750e-08  1.9219e-04  5.4853e+00 
  37    9  1.4439e-08  4.8277e-05  2.5297e+00 
  37   10  3.1435e-09  1.4130e-05  5.1880e-01 
  38    1  4.4653e-04  3.2538e-01  4.1323e+04 
  38    2  2.3632e-04  6.2434e-01  4.1649e+04 
  38    3  8.2722e-06  5.0981e-02  1.3966e+03 
  38    4  3.2048e-06  1.9021e-02  5.2407e+02 
  38    5  1.5509e-06  6.1971e-03  2.8048e+02 
  38    6  2.5219e-07  1.9795e-03  4.4683e+01 
  38    7  1.2287e-07  6.4877e-04  2.0338e+01 
  38    8  5.1022e-08  1.9157e-04  9.1896e+00 
  38    9  1.0040e-08  5.3250e-05  1.5297e+00 
  38   10  5.5555e-09  1.4491e-05  9.9845e-01 
  38   11  7.0909e-10  3.8554e-06  1.1720e-01 
  39    1  4.5104e-04  3.2724e-01  4.0691e+04 
  39    2  2.2887e-04  6.1686e-01  4.0295e+04 
  39    3  1.0531e-05  5.0806e-02  1.8577e+03 
  39    4  2.2838e-06  1.5446e-02  4.1411e+02 
  39    5  3.8992e-07  3.2626e-03  6.9189e+01 
  39    6  1.6711e-07  9.6600e-04  3.0959e+01 
  39    7  4.1958e-08  2.7057e-04  7.3893e+00 
  39    8  1.4225e-08  7.8853e-05  2.5457e+00 
  39    9  3.5279e-09  1.9465e-05  6.1143e-01 
  40    1  4.5573e-04  3.1228e-01  4.0834e+04 
  40    2  2.3390e-04  6.0173e-01  4.1102e+04 
  40    3  8.3325e-06  5.3175e-02  1.5243e+03 
  40    4  1.7108e-06  1.5365e-02  3.0900e+02 
  40    5  4.0600e-07  3.5414e-03  7.3153e+01 
  40    6  9.9734e-08  8.7788e-04  1.7095e+01 
  40    7  4.1030e-08  2.4777e-04  7.3756e+00 
  40    8  9.7645e-09  7.4510e-05  1.7450e+00 
  40    9  3.1374e-09  1.9979e-05  5.1241e-01 
  41    1  4.5374e-04  3.0940e-01  4.1408e+04 
  41    2  2.2473e-04  6.0773e-01  3.9374e+04 
  41    3  1.6206e-05  4.8157e-02  2.8640e+03 
  41    4  2.2386e-06  1.4163e-02  3.4149e+02 
  41    5  9.7072e-07  3.4221e-03  1.5849e+02 
  41    6  3.8136e-07  9.2162e-04  6.6537e+01 
  41    7  5.5980e-08  3.0038e-04  9.2713e+00 
  41    8  2.3664e-08  9.6559e-05  4.1695e+00 
  41    9  3.4822e-09  2.7592e-05  6.2500e-01 
  42    1  4.5244e-04  3.1680e-01  4.1064e+04 
  42    2  2.2707e-04  6.1261e-01  3.9806e+04 
  42    3  1.0622e-05  4.4389e-02  1.8974e+03 
  42    4  2.5741e-06  1.5555e-02  4.5106e+02 
  42    5  6.9721e-07  3.7122e-03  1.2224e+02 
  42    6  1.2493e-07  1.0937e-03  2.1998e+01 
  42    7  5.5423e-08  2.9365e-04  9.5288e+00 
  42    8  1.8409e-08  8.8932e-05  3.2223e+00 
  42    9  2.4533e-09  2.3744e-05  4.3016e-01 
  43    1  4.5383e-04  3.1665e-01  4.0845e+04 
  43    2  2.4757e-04  6.2537e-01  4.3289e+04 
  43    3  1.9888e-05  4.6699e-02  3.4854e+03 
  43    4  2.3361e-06  1.4013e-02  4.0784e+02 
  43    5  4.6724e-07  3.5755e-03  6.8222e+01 
  43    6  2.7710e-07  9.6811e-04  4.9129e+01 
  43    7  4.1217e-08  2.5607e-04  7.1211e+00 
  43    8  1.2121e-08  7.6587e-05  2.1832e+00 
  43    9  2.1843e-09  2.0329e-05  3.9632e-01 
  44    1  4.5114e-04  3.2256e-01  4.1299e+04 
  44    2  2.5721e-04  6.3489e-01  4.4802e+04 
  44    3  2.3694e-05  5.8200e-02  4.1039e+03 
  44    4  3.2718e-06  2.0287e-02  6.0192e+02 
  44    5  6.1550e-07  5.0363e-03  1.0409e+02 
  44    6  1.9326e-07  1.2471e-03  2.8873e+01 
  44    7  9.6558e-08  3.9127e-04  1.6609e+01 
  44    8  2.0873e-08  1.0521e-04  3.6626e+00 
  44    9  4.2377e-09  2.7809e-05  6.1463e-01 
  45    1  4.4721e-04  3.2446e-01  4.1171e+04 
  45    2  2.3845e-04  6.2925e-01  4.1649e+04 
  45    3  7.2594e-06  4.7730e-02  9.1515e+02 
  45    4  4.7216e-06  1.6237e-02  7.9607e+02 
  45    5  1.7081e-06  6.2278e-03  2.8240e+02 
  45    6  5.9040e-07  2.3939e-03  1.0150e+02 
  45    7  1.9938e-07  8.7377e-04  3.4289e+01 
  45    8  8.4429e-08  3.6620e-04  1.4973e+01 
  45    9  1.9533e-08  1.1238e-04  3.3901e+00 
  45   10  5.6860e-09  3.5679e-05  1.0098e+00 
  45   11  1.2151e-09  9.8660e-06  2.1918e-01 
  46    1  4.4711e-04  3.2120e-01  4.0678e+04 
  46    2  2.3284e-04  6.3249e-01  4.0554e+04 
  46    3  7.3711e-06  5.0264e-02  1.2255e+03 
  46    4  3.7911e-06  1.9711e-02  6.3973e+02 
  46    5  1.4153e-06  7.6920e-03  2.4502e+02 
  46    6  4.5854e-07  2.6783e-03  8.0134e+01 
  46    7  1.6964e-07  9.4127e-04  2.8139e+01 
  46    8  9.2192e-08  3.5589e-04  1.6499e+01 
  46    9  2.5447e-08  1.3894e-04  4.3024e+00 
  46   10  1.0936e-08  4.5119e-05  1.9168e+00 
  46   11  1.5329e-09  1.2869e-05  2.6939e-01 
  47    1  4.4656e-04  3.2316e-01  4.0887e+04 
  47    2  2.3617e-04  6.4063e-01  4.1067e+04 
  47    3  4.8607e-06  4.6998e-02  8.2649e+02 
  47    4  2.9082e-06  1.6600e-02  4.8734e+02 
  47    5  1.2937e-06  6.6662e-03  2.3839e+02 
  47    6  3.8066e-07  2.0703e-03  6.6718e+01 
  47    7  1.4675e-07  8.3194e-04  2.5732e+01 
  47    8  8.0324e-08  2.6377e-04  1.4012e+01 
  47    9  3.2406e-08  9.4894e-05  6.0334e+00 
  47   10  4.3336e-09  2.5867e-05  8.1255e-01 
  48    1  4.4451e-04  3.3340e-01  4.1097e+04 
  48    2  2.2665e-04  6.4865e-01  3.9293e+04 
  48    3  1.6374e-05  4.6340e-02  2.9274e+03 
  48    4  3.1915e-06  1.5290e-02  5.7934e+02 
  48    5  8.2911e-07  5.0915e-03  1.3657e+02 
  48    6  3.4688e-07  1.6008e-03  6.3700e+01 
  48    7  1.1366e-07  4.8154e-04  1.7266e+01 
  48    8  5.7251e-08  1.5456e-04  1.0015e+01 
  48    9  7.2576e-09  4.3935e-05  1.3072e+00 
  48   10  2.2038e-09  1.1714e-05  3.8045e-01 
  49    1  4.4521e-04  3.3165e-01  4.0757e+04 
  49    2  2.3074e-04  6.4306e-01  4.0018e+04 
  49    3  7.0344e-06  4.1742e-02  1.1860e+03 
  49    4  2.8627e-06  1.6270e-02  4.7994e+02 
  49    5  1.1901e-06  5.4593e-03  2.1127e+02 
  49    6  2.6379e-07  1.8189e-03  4.7544e+01 
  49    7  6.8358e-08  5.1231e-04  1.1492e+01 
  49    8  2.5458e-08  1.8020e-04  4.5632e+00 
  49    9  5.2541e-09  4.7748e-05  9.6077e-01 
  49   10  1.6976e-09  1.1994e-05  2.8357e-01 
  50    1  4.4622e-04  3.2541e-01  4.0796e+04 
  50    2  2.4960e-04  6.4172e-01  4.3126e+04 
  50    3  1.2871e-05  4.4885e-02  2.1323e+03 
  50    4  4.1744e-06  1.3966e-02  7.6417e+02 
  50    5  7.1041e-07  3.4570e-03  1.1924e+02 
  50    6  3.2346e-07  9.0653e-04  5.8642e+01 
  50    7  3.9016e-08  2.9137e-04  7.1088e+00 
  50    8  1.0518e-08  7.7572e-05  1.8668e+00 
  50    9  2.5902e-09  2.4144e-05  4.6885e-01 
  51    1  4.4449e-04  3.2637e-01  4.0995e+04 
  51    2  2.3737e-04  6.3903e-01  4.0951e+04 
  51    3  6.7626e-06  4.5077e-02  1.1066e+03 
  51    4  2.9523e-06  1.5757e-02  5.1781e+02 
  51    5  5.2031e-07  4.3802e-03  9.6425e+01 
  51    6  1.2936e-07  1.1610e-03  2.3731e+01 
  51    7  3.8666e-08  3.2296e-04  6.6589e+00 
  51    8  1.5082e-08  8.0558e-05  2.5760e+00 
  51    9  4.1550e-09  2.1907e-05  7.2680e-01 
  52    1  4.4401e-04  3.1983e-01  4.0648e+04 
  52    2  2.3599e-04  6.1899e-01  4.0589e+04 
  52    3  3.1398e-06  3.6768e-02  5.5210e+02 
  52    4  1.1843e-06  1.0865e-02  2.1254e+02 
  52    5  3.4495e-07  2.6428e-03  5.9698e+01 
  52    6  1.1235e-07  7.8164e-04  2.0276e+01 
  52    7  2.7203e-08  2.3071e-04  4.8439e+00 
  52    8  6.4887e-09  5.8108e-05  1.1653e+00 
  52    9  1.6967e-09  1.5708e-05  3.0625e-01 
  53    1  4.4629e-04  3.1100e-01  4.0345e+04 
  53    2  2.2624e-04  6.1696e-01  3.8779e+04 
  53    3  1.1021e-05  3.4014e-02  1.9096e+03 
  53    4  1.7048e-06  1.1068e-02  2.8716e+02 
  53    5  7.0059e-07  2.7587e-03  1.1990e+02 
  53    6  1.9062e-07  7.7291e-04  3.3901e+01 
  53    7  2.6258e-08  2.2404e-04  3.9493e+00 
  53    8  1.5339e-08  6.5302e-05  2.7705e+00 
  53    9  1.8757e-09  1.8597e-05  3.2595e-01 
  54    1  4.4815e-04  3.1714e-01  4.0612e+04 
  54    2  2.3036e-04  6.3059e-01  3.9464e+04 
  54    3  9.5406e-06  4.6040e-02  1.6777e+03 
  54    4  2.8074e-06  1.4641e-02  4.9081e+02 
  54    5  6.9160e-07  3.5636e-03  1.1750e+02 
  54    6  2.0821e-07  9.5089e-04  3.4716e+01 
  54    7  6.0896e-08  2.8498e-04  1.0020e+01 
  54    8  2.5402e-08  7.5687e-05  4.5152e+00 
  54    9  2.3634e-09  2.0834e-05  3.9686e-01 
  55    1  4.5088e-04  3.2495e-01  4.0608e+04 
  55    2  2.3311e-04  6.3514e-01  4.0003e+04 
  55    3  6.6375e-06  3.6481e-02  1.1545e+03 
  55    4  1.6341e-06  1.2652e-02  2.8907e+02 
  55    5  4.4293e-07  3.3714e-03  7.8598e+01 
  55    6  9.5711e-08  8.3774e-04  1.6934e+01 
  55    7  2.3791e-08  2.1830e-04  3.7674e+00 
  55    8  1.2009e-08  5.7964e-05  2.1328e+00 
  55    9  1.9343e-09  1.6214e-05  3.4395e-01 
  56    1  4.5664e-04  3.1912e-01  4.0396e+04 
  56    2  2.3359e-04  6.1904e-01  4.0085e+04 
  56    3  1.0575e-05  4.3465e-02  1.6441e+03 
  56    4  5.1014e-06  1.8862e-02  8.6547e+02 
  56    5  1.4181e-06  5.6109e-03  2.2758e+02 
  56    6  6.4061e-07  2.4046e-03  1.1403e+02 
  56    7  9.7021e-08  7.6840e-04  1.6216e+01 
  56    8  3.9056e-08  2.2545e-04  6.7511e+00 
  56    9  8.8191e-09  6.8492e-05  1.4622e+00 
  56   10  3.3274e-09  1.9708e-05  5.2951e-01 
  57    1  4.6245e-04  3.1065e-01  4.0613e+04 
  57    2  2.2813e-04  6.1001e-01  3.9192e+04 
  57    3  1.0222e-05  3.9306e-02  1.6135e+03 
  57    4  5.2300e-06  1.6580e-02  9.1507e+02 
  57    5  1.1035e-06  5.5946e-03  1.8456e+02 
  57    6  4.4211e-07  2.1965e-03  7.8488e+01 
  57    7  1.3523e-07  7.6867e-04  2.4425e+01 
  57    8  4.9639e-08  2.7803e-04  8.7693e+00 
  57    9  1.7294e-08  1.0131e-04  3.0670e+00 
  57   10  3.8682e-09  3.0746e-05  6.6052e-01 
  58    1  4.6744e-04  3.1021e-01  4.0842e+04 
  58    2  2.3173e-04  6.0712e-01  3.9928e+04 
  58    3  6.2408e-06  3.4977e-02  1.0590e+03 
  58    4  2.5770e-06  1.2970e-02  4.5820e+02 
  58    5  7.4302e-07  4.3277e-03  1.3392e+02 
  58    6  2.2424e-07  1.4957e-03  4.0805e+01 
  58    7  8.1327e-08  4.6947e-04  1.4166e+01 
  58    8  3.6698e-08  1.9516e-04  6.3170e+00 
  58    9  1.7939e-08  6.5276e-05  3.1344e+00 
  58   10  3.9100e-09  2.1473e-05  6.8296e-01 
  59    1  4.7419e-04  3.0638e-01  4.0632e+04 
  59    2  2.3920e-04  5.9495e-01  4.1241e+04 
  59    3  5.3088e-06  3.0187e-02  9.0194e+02 
  59    4  1.1683e-06  9.1406e-03  1.9533e+02 
  59    5  4.3696e-07  2.3269e-03  6.0865e+01 
  59    6  2.9107e-07  7.9955e-04  5.1135e+01 
  59    7  4.6210e-08  2.6793e-04  7.9931e+00 
  59    8  1.4502e-08  8.4807e-05  2.6246e+00 
  59    9  3.8236e-09  2.4018e-05  6.7300e-01 
  60    1  4.8106e-04  2.9824e-01  4.0608e+04 
  60    2  2.3554e-04  5.7949e-01  4.0639e+04 
  60    3  4.8275e-06  3.1134e-02  8.0824e+02 
  60    4  1.8730e-06  1.0725e-02  3.1849e+02 
  60    5  6.5293e-07  3.4713e-03  1.0951e+02 
  60    6  2.5004e-07  1.1153e-03  4.4249e+01 
  60    7  5.3138e-08  3.8243e-04  9.3043e+00 
  60    8  1.8429e-08  1.3307e-04  3.0256e+00 
  60    9  7.3422e-09  3.6210e-05  1.1952e+00 
  60   10  2.8284e-09  9.3119e-06  4.8433e-01 
  61    1  4.8582e-04  2.9145e-01  4.0718e+04 
  61    2  2.3167e-04  5.6516e-01  3.9943e+04 
  61    3  5.9417e-06  2.7376e-02  1.0393e+03 
  61    4  1.1323e-06  8.2824e-03  1.6705e+02 
  61    5  5.4291e-07  2.1761e-03  8.6987e+01 
  61    6  2.1163e-07  6.3167e-04  3.6055e+01 
  61    7  5.6668e-08  1.9176e-04  9.8777e+00 
  61    8  9.7081e-09  5.1365e-05  1.7786e+00 
  61    9  2.3263e-09  1.4871e-05  4.1003e-01 
  62    1  4.9063e-04  2.8580e-01  4.0501e+04 
  62    2  2.2939e-04  5.6304e-01  3.9525e+04 
  62    3  7.7782e-06  3.0937e-02  1.3912e+03 
  62    4  2.2265e-06  1.0661e-02  3.8781e+02 
  62    5  5.7693e-07  3.1098e-03  9.4840e+01 
  62    6  2.2508e-07  8.7178e-04  3.9945e+01 
  62    7  4.3578e-08  2.5383e-04  7.8150e+00 
  62    8  6.9552e-09  6.2639e-05  1.2771e+00 
  62    9  1.5346e-09  1.5797e-05  2.7755e-01 
  63    1  4.9580e-04  2.8699e-01  4.0225e+04 
  63    2  2.3150e-04  5.6467e-01  3.9916e+04 
  63    3  3.3989e-06  2.8432e-02  5.8520e+02 
  63    4  1.2487e-06  8.8076e-03  2.1738e+02 
  63    5  3.3887e-07  2.6232e-03  5.8980e+01 
  63    6  1.1718e-07  7.9507e-04  2.0195e+01 
  63    7  2.9693e-08  2.0725e-04  3.7591e+00 
  63    8  2.0135e-08  5.5240e-05  3.5167e+00 
  63    9  3.2189e-09  1.3604e-05  5.6938e-01 
  64    1  4.9888e-04  2.8599e-01  4.0264e+04 
  64    2  2.3393e-04  5.5195e-01  4.0349e+04 
  64    3  5.7402e-06  2.9782e-02  9.5140e+02 
  64    4  2.7393e-06  9.1455e-03  4.9514e+02 
  64    5  2.7252e-07  2.1118e-03  5.0008e+01 
  64    6  5.1806e-08  5.3390e-04  9.0009e+00 
  64    7  2.1056e-08  1.4689e-04  3.7452e+00 
  64    8  5.3689e-09  4.0928e-05  9.7364e-01 
  64    9  1.3102e-09  1.1149e-05  2.0305e-01 
  65    1  5.0041e-04  2.7623e-01  4.0113e+04 
  65    2  2.2959e-04  5.3215e-01  3.9592e+04 
  65    3  3.6093e-06  2.6890e-02  6.3159e+02 
  65    4  1.3212e-06  8.2821e-03  2.3602e+02 
  65    5  2.5909e-07  2.0893e-03  4.5758e+01 
  65    6  1.0202e-07  6.0340e-04  1.7893e+01 
  65    7  2.2930e-08  1.6868e-04  4.1730e+00 
  65    8  3.8550e-09  4.3500e-05  7.1470e-01 
  66    1  5.0182e-04  2.6702e-01  3.9781e+04 
  66    2  2.3346e-04  5.2458e-01  4.0272e+04 
  66    3  3.8355e-06  2.5314e-02  6.7486e+02 
  66    4  9.1318e-07  7.0088e-03  1.6859e+02 
  66    5  2.5161e-07  1.9118e-03  4.7670e+01 
  66    6  4.5520e-08  4.5391e-04  8.4263e+00 
  66    7  1.2125e-08  1.2706e-04  2.1925e+00 
  66    8  4.8421e-09  3.6767e-05  7.2878e-01 
  67    1  5.0189e-04  2.7035e-01  3.9726e+04 
  67    2  2.3677e-04  5.4364e-01  4.0812e+04 
  67    3  7.1590e-06  2.8642e-02  1.2284e+03 
  67    4  1.7929e-06  9.9668e-03  3.0616e+02 
  67    5  6.9154e-07  3.2614e-03  1.0808e+02 
  67    6  3.6809e-07  1.2721e-03  6.5788e+01 
  67    7  6.8380e-08  4.4007e-04  1.2023e+01 
  67    8  2.0642e-08  1.3326e-04  3.6857e+00 
  67    9  8.2658e-09  4.2638e-05  1.4510e+00 
  67   10  2.3904e-09  1.2444e-05  4.2118e-01 
  68    1  5.0077e-04  2.8475e-01  3.9750e+04 
  68    2  2.3657e-04  5.6725e-01  4.0778e+04 
  68    3  7.9236e-06  2.2709e-02  1.4061e+03 
  68    4  1.6336e-06  8.8412e-03  2.7448e+02 
  68    5  7.0068e-07  3.6307e-03  1.2330e+02 
  68    6  2.0297e-07  1.1007e-03  3.4234e+01 
  68    7  9.1031e-08  4.0409e-04  1.5450e+01 
  68    8  3.7033e-08  1.5747e-04  6.4728e+00 
  68    9  1.1519e-08  6.1857e-05  2.0619e+00 
  68   10  2.3631e-09  1.8165e-05  4.3124e-01 
  69    1  5.0001e-04  2.9105e-01  3.9492e+04 
  69    2  2.3591e-04  5.6594e-01  4.0660e+04 
  69    3  7.0012e-06  2.3576e-02  1.2199e+03 
  69    4  2.9340e-06  9.6792e-03  4.9131e+02 
  69    5  8.7692e-07  2.9472e-03  1.5071e+02 
  69    6  2.7252e-07  1.0931e-03  4.8524e+01 
  69    7  6.1818e-08  3.9239e-04  1.1173e+01 
  69    8  2.2679e-08  1.2398e-04  3.8239e+00 
  69    9  9.7736e-09  4.7644e-05  1.6587e+00 
  69   10  3.4160e-09  1.5552e-05  5.4189e-01 
  70    1  4.9887e-04  2.8347e-01  3.9335e+04 
  70    2  2.3303e-04  5.4843e-01  4.0150e+04 
  70    3  7.5686e-06  2.4449e-02  1.3198e+03 
  70    4  1.7917e-06  8.3312e-03  3.2562e+02 
  70    5  4.2234e-07  2.1658e-03  7.3837e+01 
  70    6  1.8112e-07  7.3818e-04  3.3044e+01 
  70    7  2.9495e-08  2.3417e-04  5.3548e+00 
  70    8  8.4186e-09  6.5082e-05  1.3470e+00 
  70    9  3.4549e-09  1.7600e-05  5.1533e-01 
  71    1  4.9623e-04  2.7495e-01  3.9419e+04 
  71    2  2.2610e-04  5.3476e-01  3.8960e+04 
  71    3  5.4399e-06  2.3160e-02  9.6292e+02 
  71    4  1.6707e-06  8.8543e-03  3.0548e+02 
  71    5  4.2809e-07  2.1163e-03  7.2032e+01 
  71    6  1.4031e-07  7.3644e-04  2.3926e+01 
  71    7  4.7790e-08  2.6887e-04  8.4888e+00 
  71    8  1.9037e-08  8.2948e-05  3.2732e+00 
  71    9  5.9083e-09  2.3753e-05  1.0337e+00 
  71   10  1.9698e-09  5.9361e-06  3.4700e-01 
  72    1  4.9345e-04  2.7163e-01  3.9346e+04 
  72    2  2.2800e-04  5.3172e-01  3.9398e+04 
  72    3  2.1988e-06  2.1813e-02  3.8836e+02 
  72    4  8.4130e-07  7.0295e-03  1.4583e+02 
  72    5  3.4296e-07  1.8002e-03  6.2232e+01 
  72    6  6.4279e-08  5.0339e-04  1.0707e+01 
  72    7  2.7548e-08  1.5850e-04  4.9307e+00 
  72    8  6.6139e-09  4.8698e-05  1.0843e+00 
  72    9  2.6525e-09  1.4497e-05  4.5415e-01 
  73    1  4.9129e-04  2.7070e-01  3.9264e+04 
  73    2  2.2329e-04  5.3527e-01  3.8699e+04 
  73    3  5.9357e-06  2.3087e-02  1.0635e+03 
  73    4  1.1454e-06  7.0391e-03  2.0524e+02 
  73    5  1.9455e-07  1.6859e-03  2.9405e+01 
  73    6  1.0583e-07  3.7741e-04  1.8048e+01 
  73    7  2.8262e-08  1.1420e-04  5.0847e+00 
  73    8  3.4799e-09  3.2145e-05  6.2439e-01 
  74    1  4.8872e-04  2.7428e-01  3.9506e+04 
  74    2  2.2295e-04  5.4816e-01  3.8839e+04 
  74    3  4.4581e-06  2.0493e-02  7.0267e+02 
  74    4  2.1586e-06  7.6876e-03  3.8459e+02 
  74    5  3.5109e-07  2.0788e-03  6.0582e+01 
  74    6  1.6081e-07  5.6966e-04  2.8551e+01 
  74    7  3.9190e-08  1.5376e-04  6.6522e+00 
  74    8  1.2655e-08  4.1036e-05  2.2316e+00 
  74    9  1.0551e-09  1.0505e-05  1.6574e-01 
  75    1  4.8636e-04  2.8457e-01  3.9697e+04 
  75    2  2.2621e-04  5.7061e-01  3.9649e+04 
  75    3  3.7349e-06  2.0765e-02  5.9181e+02 
  75    4  1.7909e-06  6.8319e-03  3.2188e+02 
  75    5  2.1150e-07  1.6632e-03  3.8072e+01 
  75    6  7.2682e-08  4.5781e-04  1.2580e+01 
  75    7  2.5742e-08  1.3648e-04  4.6174e+00 
  75    8  6.3651e-09  3.9574e-05  1.0519e+00 
  75    9  2.4633e-09  1.0986e-05  4.4417e-01 
  76    1  4.8540e-04  2.9517e-01  3.9667e+04 
  76    2  2.2776e-04  5.8255e-01  4.0138e+04 
  76    3  3.4334e-06  1.7296e-02  6.1305e+02 
  76    4  6.3078e-07  5.8710e-03  1.1732e+02 
  76    5  1.5715e-07  1.3906e-03  2.7521e+01 
  76    6  5.9030e-08  3.8280e-04  1.0423e+01 
  76    7  2.4133e-08  9.7586e-05  4.1057e+00 
  76    8  7.9801e-09  2.6900e-05  1.4241e+00 
  76    9  1.4385e-09  7.7285e-06  2.4777e-01 
  77    1  4.8424e-04  2.9288e-01  3.9781e+04 
  77    2  2.2165e-04  5.6044e-01  3.9263e+04 
  77    3  4.4966e-06  1.8177e-02  7.8866e+02 
  77    4  6.9761e-07  5.6286e-03  1.2571e+02 
  77    5  1.9845e-07  1.3294e-03  3.5203e+01 
  77    6  5.3386e-08  3.5707e-04  9.6618e+00 
  77    7  1.3504e-08  1.0724e-04  2.4401e+00 
  77    8  3.2102e-09  2.8703e-05  5.9745e-01 
  78    1  4.8136e-04  2.7484e-01  3.9901e+04 
  78    2  2.2287e-04  5.2510e-01  3.9691e+04 
  78    3  1.9436e-06  1.5069e-02  2.9566e+02 
  78    4  1.1076e-06  6.0157e-03  1.8549e+02 
  78    5  4.6788e-07  2.0066e-03  8.4296e+01 
  78    6  7.8263e-08  5.4636e-04  1.3625e+01 
  78    7  2.6522e-08  1.6930e-04  4.5643e+00 
  78    8  9.8641e-09  6.0664e-05  1.7121e+00 
  78    9  3.0138e-09  1.9087e-05  5.2530e-01 
  79    1  4.7795e-04  2.6109e-01  3.9733e+04 
  79    2  2.2552e-04  5.1754e-01  4.0357e+04 
  79    3  4.9806e-06  1.7348e-02  8.6810e+02 
  79    4  1.3259e-06  6.8294e-03  2.2710e+02 
  79    5  4.2836e-07  2.6168e-03  7.5995e+01 
  79    6  1.3675e-07  6.6381e-04  2.4576e+01 
  79    7  4.2915e-08  2.3324e-04  7.5036e+00 
  79    8  1.7071e-08  8.3764e-05  3.0233e+00 
  79    9  3.9117e-09  2.5661e-05  6.7290e-01 
  80    1  4.7461e-04  2.6728e-01  3.9620e+04 
  80    2  2.2167e-04  5.4102e-01  3.9878e+04 
  80    3  2.5674e-06  1.8523e-02  4.4571e+02 
  80    4  9.9141e-07  6.7619e-03  1.7468e+02 
  80    5  3.7601e-07  2.2719e-03  6.7173e+01 
  80    6  1.4139e-07  8.0364e-04  2.5996e+01 
  80    7  3.5609e-08  2.3246e-04  6.1855e+00 
  80    8  1.4158e-08  8.4635e-05  2.5685e+00 
  80    9  3.8395e-09  2.5826e-05  6.7524e-01 
  81    1  4.7049e-04  2.8124e-01  3.9645e+04 
  81    2  2.1941e-04  5.6173e-01  3.9643e+04 
  81    3  2.5550e-06  1.6286e-02  4.0699e+02 
  81    4  1.4816e-06  6.1917e-03  2.6373e+02 
  81    5  2.6109e-07  1.5331e-03  4.6625e+01 
  81    6  9.1913e-08  4.4620e-04  1.5331e+01 
  81    7  3.2294e-08  1.3216e-04  5.5022e+00 
  81    8  9.5204e-09  3.6726e-05  1.7218e+00 
  81    9  1.4293e-09  1.0634e-05  2.3159e-01 
  82    1  4.6600e-04  2.8570e-01  3.9389e+04 
  82    2  2.1736e-04  5.5650e-01  3.9418e+04 
  82    3  2.1728e-06  1.5226e-02  3.4880e+02 
  82    4  1.3253e-06  6.3368e-03  2.3075e+02 
  82    5  3.4628e-07  2.1796e-03  5.9956e+01 
  82    6  1.2192e-07  6.2836e-04  2.1674e+01 
  82    7  2.7604e-08  1.9643e-04  4.8495e+00 
  82    8  9.1536e-09  5.9785e-05  1.4015e+00 
  82    9  4.2343e-09  2.1406e-05  7.0030e-01 
  83    1  4.6146e-04  2.7739e-01  3.9008e+04 
  83    2  2.1376e-04  5.3909e-01  3.8910e+04 
  83    3  2.5926e-06  1.5570e-02  4.2452e+02 
  83    4  1.1426e-06  5.5794e-03  2.0208e+02 
  83    5  1.9323e-07  1.5070e-03  3.4655e+01 
  83    6  5.9837e-08  4.3989e-04  1.0718e+01 
  83    7  1.6902e-08  1.3372e-04  2.9153e+00 
  83    8  6.3774e-09  3.5888e-05  9.0641e-01 
  83    9  3.9910e-09  1.0921e-05  6.9873e-01 
  84    1  4.5566e-04  2.7030e-01  3.8806e+04 
  84    2  2.1442e-04  5.3524e-01  3.9137e+04 
  84    3  3.7884e-06  1.6415e-02  6.8513e+02 
  84    4  8.1289e-07  5.8575e-03  1.4460e+02 
  84    5  3.1746e-07  1.7323e-03  5.6869e+01 
  84    6  8.5372e-08  4.4584e-04  1.5097e+01 
  84    7  2.1324e-08  1.2704e-04  3.8731e+00 
  84    8  6.1064e-09  3.4086e-05  1.0179e+00 
  84    9  3.3251e-09  1.0236e-05  5.7388e-01 
  85    1  4.4900e-04  2.7303e-01  3.8502e+04 
  85    2  2.0908e-04  5.4519e-01  3.8272e+04 
  85    3  2.4973e-06  1.3146e-02  4.0792e+02 
  85    4  1.1585e-06  3.8348e-03  2.0685e+02 
  85    5  1.3403e-07  9.9658e-04  2.3659e+01 
  85    6  3.9672e-08  2.9125e-04  7.1621e+00 
  85    7  1.1641e-08  7.8882e-05  2.0968e+00 
  85    8  2.8428e-09  2.1210e-05  4.7605e-01 
  86    1  4.4337e-04  2.7938e-01  3.8038e+04 
  86    2  2.0580e-04  5.5703e-01  3.7754e+04 
  86    3  3.1401e-06  1.4224e-02  5.0797e+02 
  86    4  1.3544e-06  4.7095e-03  2.4409e+02 
  86    5  2.7379e-07  1.2377e-03  4.8364e+01 
  86    6  8.1924e-08  3.4352e-04  1.4797e+01 
  86    7  1.9848e-08  1.0412e-04  3.5054e+00 
  86    8  6.1689e-09  3.1047e-05  1.0792e+00 
  86    9  1.6853e-09  8.6752e-06  2.9927e-01 
  87    1  4.3855e-04  2.8433e-01  3.7751e+04 
  87    2  2.0465e-04  5.6395e-01  3.7601e+04 
  87    3  1.6902e-06  1.3250e-02  2.8004e+02 
  87    4  9.2814e-07  4.5096e-03  1.6747e+02 
  87    5  1.7194e-07  1.1540e-03  2.9052e+01 
  87    6  7.6271e-08  3.1827e-04  1.3668e+01 
  87    7  1.2505e-08  9.1561e-05  2.0083e+00 
  87    8  5.7148e-09  2.6739e-05  1.0177e+00 
  87    9  9.4183e-10  6.9231e-06  1.7173e-01 
  88    1  4.3397e-04  2.8599e-01  3.7471e+04 
  88    2  2.0453e-04  5.5894e-01  3.7641e+04 
  88    3  3.7577e-06  1.4638e-02  6.7157e+02 
  88    4  9.0608e-07  4.8490e-03  1.6562e+02 
  88    5  1.6018e-07  1.1897e-03  2.8409e+01 
  88    6  7.0678e-08  3.5364e-04  1.2229e+01 
  88    7  2.2037e-08  1.0568e-04  3.9637e+00 
  88    8  3.3814e-09  2.9053e-05  5.9614e-01 
  89    1  4.3062e-04  2.7927e-01  3.7001e+04 
  89    2  1.9851e-04  5.3769e-01  3.6607e+04 
  89    3  2.7977e-06  1.1828e-02  4.8711e+02 
  89    4  8.4047e-07  4.5056e-03  1.4680e+02 
  89    5  2.6561e-07  1.5670e-03  4.5310e+01 
  89    6  9.0747e-08  4.8868e-04  1.5862e+01 
  89    7  3.4311e-08  1.5036e-04  5.8978e+00 
  89    8  1.0284e-08  4.8722e-05  1.7434e+00 
  89    9  4.0757e-09  1.7106e-05  7.2169e-01 
  90    1  4.2808e-04  2.6450e-01  3.6630e+04 
  90    2  1.9554e-04  5.1070e-01  3.6136e+04 
  90    3  4.5892e-06  1.4859e-02  8.0522e+02 
  90    4  1.0448e-06  5.9624e-03  1.8449e+02 
  90    5  3.4411e-07  1.8948e-03  5.8798e+01 
  90    6  1.3550e-07  5.8552e-04  2.4218e+01 
  90    7  3.2831e-08  2.0556e-04  5.7742e+00 
  90    8  1.5208e-08  7.6946e-05  2.5786e+00 
  90    9  6.0597e-09  2.6344e-05  1.1068e+00 
  90   10  7.0613e-10  6.7787e-06  1.2918e-01 
  91    1  4.2517e-04  2.5453e-01  3.6424e+04 
  91    2  1.9615e-04  5.0527e-01  3.6340e+04 
  91    3  2.1717e-06  1.2780e-02  3.7065e+02 
  91    4  7.9375e-07  4.7181e-03  1.4004e+02 
  91    5  2.9044e-07  1.7911e-03  5.3360e+01 
  91    6  7.4930e-08  5.3033e-04  1.3794e+01 
  91    7  1.9693e-08  1.4923e-04  3.5074e+00 
  91    8  1.0088e-08  4.9181e-05  1.5449e+00 
  91    9  5.0417e-09  1.6636e-05  8.9462e-01 
  91   10  1.0935e-09  5.4009e-06  1.9168e-01 
  92    1  4.2314e-04  2.6021e-01  3.6116e+04 
  92    2  1.9308e-04  5.2938e-01  3.5860e+04 
  92    3  3.0305e-06  1.2710e-02  5.0119e+02 
  92    4  1.0961e-06  4.4267e-03  1.9837e+02 
  92    5  1.5131e-07  1.0358e-03  2.6725e+01 
  92    6  3.8509e-08  3.0991e-04  7.0854e+00 
  92    7  1.0257e-08  8.2220e-05  1.8242e+00 
  92    8  4.4849e-09  2.1912e-05  8.0413e-01 
  92    9  1.1654e-09  6.5225e-06  2.1144e-01 
  93    1  4.2294e-04  2.7615e-01  3.5829e+04 
  93    2  1.9093e-04  5.5689e-01  3.5517e+04 
  93    3  3.4027e-06  1.1306e-02  5.9923e+02 
  93    4  4.9407e-07  3.5885e-03  8.8479e+01 
  93    5  1.6901e-07  1.0857e-03  2.8262e+01 
  93    6  6.2812e-08  3.7762e-04  1.0605e+01 
  93    7  2.4775e-08  1.2008e-04  4.2323e+00 
  93    8  9.4499e-09  4.6417e-05  1.6707e+00 
  93    9  2.1467e-09  1.5226e-05  3.7966e-01 
  94    1  4.2313e-04  2.8508e-01  3.5665e+04 
  94    2  1.9065e-04  5.5641e-01  3.5494e+04 
  94    3  1.6623e-06  1.2688e-02  2.7366e+02 
  94    4  6.3899e-07  4.2499e-03  1.0927e+02 
  94    5  2.4065e-07  1.2116e-03  4.3621e+01 
  94    6  4.1370e-08  3.4599e-04  7.2938e+00 
  94    7  1.4286e-08  1.0877e-04  2.5612e+00 
  94    8  4.5100e-09  3.3589e-05  7.5889e-01 
  94    9  1.9635e-09  1.0129e-05  3.5582e-01 
  95    1  4.2290e-04  2.7565e-01  3.5357e+04 
  95    2  1.8929e-04  5.2310e-01  3.5234e+04 
  95    3  1.7799e-06  1.2015e-02  2.8142e+02 
  95    4  8.3593e-07  4.0781e-03  1.4992e+02 
  95    5  1.6169e-07  9.4061e-04  2.8614e+01 
  95    6  4.4594e-08  3.0494e-04  7.8831e+00 
  95    7  1.3060e-08  9.9369e-05  2.3594e+00 
  95    8  3.4335e-09  2.8995e-05  6.2074e-01 
  96    1  4.2238e-04  2.5344e-01  3.4887e+04 
  96    2  1.8794e-04  4.7933e-01  3.4953e+04 
  96    3  2.8416e-06  1.0845e-02  4.5271e+02 
  96    4  1.3728e-06  4.2474e-03  2.4412e+02 
  96    5  2.8993e-07  1.1939e-03  5.4608e+01 
  96    6  5.6266e-08  3.3955e-04  1.0153e+01 
  96    7  1.6497e-08  1.0860e-04  2.8469e+00 
  96    8  7.0688e-09  3.1839e-05  1.2562e+00 
  96    9  1.7366e-09  8.8869e-06  3.0962e-01 
  97    1  4.2065e-04  2.3431e-01  3.4510e+04 
  97    2  1.8466e-04  4.5465e-01  3.4308e+04 
  97    3  1.3460e-06  1.1007e-02  2.0438e+02 
  97    4  8.0433e-07  3.6658e-03  1.2270e+02 
  97    5  4.5664e-07  9.4410e-04  8.1557e+01 
  97    6  4.5052e-08  2.8407e-04  7.6429e+00 
  97    7  1.3731e-08  6.8223e-05  2.2835e+00 
  97    8  4.6392e-09  1.9523e-05  7.7188e-01 
  97    9  1.5993e-09  4.9862e-06  2.8562e-01 
  98    1  4.1750e-04  2.2926e-01  3.4147e+04 
  98    2  1.8329e-04  4.5548e-01  3.4022e+04 
  98    3  1.9931e-06  1.2052e-02  3.4620e+02 
  98    4  4.9035e-07  3.3747e-03  8.8071e+01 
  98    5  1.1054e-07  8.1523e-04  1.9964e+01 
  98    6  2.4447e-08  2.1152e-04  4.2892e+00 
  98    7  8.4844e-09  4.9900e-05  1.4779e+00 
  98    8  3.2710e-09  1.4784e-05  4.8921e-01 
  99    1  4.1418e-04  2.3464e-01  3.3684e+04 
  99    2  1.8187e-04  4.6962e-01  3.3739e+04 
  99    3  1.8141e-06  1.1268e-02  3.1076e+02 
  99    4  5.6756e-07  4.1436e-03  1.0223e+02 
  99    5  1.6022e-07  1.0180e-03  2.8822e+01 
  99    6  5.0248e-08  2.7983e-04  8.9563e+00 
  99    7  1.1217e-08  6.8225e-05  1.9940e+00 
  99    8  3.5276e-09  2.0888e-05  6.3610e-01 
 100    1  4.1107e-04  2.4156e-01  3.3304e+04 
 100    2  1.7957e-04  4.8261e-01  3.3287e+04 
 100    3  1.7013e-06  1.0807e-02  2.8992e+02 
 100    4  6.9532e-07  4.0394e-03  1.0795e+02 
 100    5  3.1689e-07  1.2752e-03  5.4477e+01 
 100    6  1.0627e-07  3.5091e-04  1.8981e+01 
 100    7  1.7080e-08  1.0263e-04  3.0639e+00 
 100    8  4.6646e-09  3.1318e-05  8.2997e-01 
 100    9  1.5861e-09  7.6923e-06  2.8461e-01 
 101    1  4.0791e-04  2.4683e-01  3.3013e+04 
 101    2  1.7944e-04  4.9212e-01  3.3258e+04 
 101    3  3.9521e-06  1.1828e-02  7.0365e+02 
 101    4  9.5445e-07  5.1652e-03  1.6490e+02 
 101    5  3.5088e-07  1.8246e-03  6.4118e+01 
 101    6  7.7131e-08  5.5067e-04  1.3925e+01 
 101    7  2.3845e-08  1.6824e-04  4.4235e+00 
 101    8  5.6208e-09  4.7203e-05  1.0126e+00 
 101    9  1.9630e-09  1.4280e-05  3.4224e-01 
 102    1  4.0551e-04  2.5193e-01  3.2635e+04 
 102    2  1.7577e-04  5.0285e-01  3.2574e+04 
 102    3  1.0942e-06  7.9886e-03  1.6603e+02 
 102    4  5.5195e-07  3.0395e-03  8.9113e+01 
 102    5  2.8808e-07  9.4149e-04  5.1396e+01 
 102    6  5.8006e-08  3.3607e-04  9.5874e+00 
 102    7  3.0258e-08  1.0530e-04  5.3801e+00 
 102    8  5.5640e-09  3.4986e-05  9.5099e-01 
 102    9  2.4348e-09  1.3141e-05  4.3238e-01 
 103    1  4.0432e-04  2.5658e-01  3.2226e+04 
 103    2  1.7393e-04  5.0925e-01  3.2248e+04 
 103    3  2.8063e-06  1.0502e-02  4.8139e+02 
 103    4  9.3723e-07  3.4829e-03  1.7038e+02 
 103    5  9.0541e-08  8.1085e-04  1.5720e+01 
 103    6  3.4119e-08  2.2836e-04  6.0330e+00 
 103    7  1.0126e-08  6.5961e-05  1.8092e+00 
 103    8  2.8320e-09  2.0027e-05  5.0191e-01 
 104    1  4.0364e-04  2.5825e-01  3.1890e+04 
 104    2  1.7197e-04  5.0678e-01  3.1906e+04 
 104    3  2.4081e-06  1.1499e-02  4.1388e+02 
 104    4  8.1398e-07  4.4418e-03  1.4441e+02 
 104    5  1.6710e-07  1.1625e-03  2.8819e+01 
 104    6  5.4534e-08  3.6521e-04  9.5146e+00 
 104    7  1.6697e-08  9.7203e-05  2.7675e+00 
 104    8  6.4457e-09  3.3411e-05  1.0725e+00 
 104    9  2.2270e-09  1.2317e-05  3.4955e-01 
 105    1  4.0303e-04  2.5298e-01  3.1497e+04 
 105    2  1.6888e-04  4.8584e-01  3.1369e+04 
 105    3  1.4170e-06  9.7483e-03  2.4306e+02 
 105    4  5.6588e-07  3.0364e-03  1.0084e+02 
 105    5  1.4940e-07  9.3789e-04  2.6362e+01 
 105    6  3.9130e-08  2.6415e-04  7.0498e+00 
 105    7  8.6824e-09  7.5270e-05  1.5368e+00 
 105    8  2.9880e-09  2.2244e-05  5.1734e-01 
 106    1  4.0228e-04  2.3812e-01  3.1026e+04 
 106    2  1.6530e-04  4.5217e-01  3.0748e+04 
 106    3  1.8040e-06  9.1021e-03  3.0079e+02 
 106    4  6.5399e-07  3.3155e-03  1.1370e+02 
 106    5  2.1932e-07  9.6025e-04  3.9653e+01 
 106    6  4.1715e-08  2.7609e-04  6.4831e+00 
 106    7  2.0978e-08  8.6032e-05  3.7285e+00 
 106    8  4.3930e-09  2.8464e-05  6.1391e-01 
 106    9  2.5048e-09  8.8878e-06  4.3844e-01 
 107    1  4.0068e-04  2.2090e-01  3.0618e+04 
 107    2  1.6362e-04  4.2508e-01  3.0519e+04 
 107    3  1.2154e-06  8.2746e-03  2.1092e+02 
 107    4  3.6997e-07  2.9418e-03  6.8148e+01 
 107    5  9.7434e-08  7.3545e-04  1.5026e+01 
 107    6  5.1409e-08  1.9444e-04  9.0988e+00 
 107    7  1.0485e-08  5.4466e-05  1.7882e+00 
 107    8  3.4435e-09  1.6020e-05  6.0913e-01 
 108    1  3.9807e-04  2.1259e-01  3.0253e+04 
 108    2  1.6193e-04  4.2151e-01  3.0301e+04 
 108    3  2.5000e-06  9.9148e-03  4.5287e+02 
 108    4  5.3571e-07  3.2569e-03  9.3729e+01 
 108    5  1.3805e-07  8.9757e-04  2.3839e+01 
 108    6  4.1126e-08  2.5150e-04  7.0964e+00 
 108    7  1.4314e-08  6.7085e-05  2.5392e+00 
 108    8  3.4343e-09  2.1062e-05  6.2301e-01 
 109    1  3.9531e-04  2.1750e-01  2.9827e+04 
 109    2  1.5822e-04  4.4414e-01  2.9707e+04 
 109    3  1.2582e-06  8.7003e-03  2.1329e+02 
 109    4  4.3955e-07  3.0542e-03  7.9354e+01 
 109    5  1.0106e-07  6.3536e-04  1.8039e+01 
 109    6  2.8256e-08  1.7298e-04  5.0461e+00 
 109    7  5.6304e-09  4.5251e-05  9.9935e-01 
 109    8  2.2009e-09  1.4116e-05  3.7760e-01 
 110    1  3.9313e-04  2.3350e-01  2.9391e+04 
 110    2  1.5511e-04  4.8248e-01  2.9248e+04 
 110    3  1.0301e-06  7.2024e-03  1.1926e+02 
 110    4  7.8572e-07  2.3209e-03  1.4101e+02 
 110    5  8.6486e-08  6.6903e-04  1.6255e+01 
 110    6  1.7781e-08  1.7305e-04  3.2289e+00 
 110    7  7.5135e-09  4.7926e-05  1.2902e+00 
 110    8  2.6939e-09  1.3317e-05  4.7493e-01 
 111    1  3.9174e-04  2.5425e-01  2.8957e+04 
 111    2  1.5218e-04  5.2116e-01  2.8827e+04 
 111    3  2.6939e-06  8.6122e-03  4.8261e+02 
 111    4  5.5007e-07  3.4949e-03  9.6924e+01 
 111    5  1.8094e-07  1.0750e-03  3.2414e+01 
 111    6  6.0163e-08  3.1777e-04  9.9957e+00 
 111    7  2.5281e-08  9.5293e-05  4.4520e+00 
 111    8  6.5410e-09  2.7537e-05  1.0556e+00 
 111    9  3.1344e-09  8.9530e-06  5.6028e-01 
 112    1  3.9149e-04  2.7112e-01  2.8387e+04 
 112    2  1.4808e-04  5.4520e-01  2.8181e+04 
 112    3  1.3098e-06  8.3073e-03  2.3095e+02 
 112    4  4.7270e-07  3.0239e-03  8.3351e+01 
 112    5  1.5875e-07  9.9651e-04  2.8318e+01 
 112    6  5.6275e-08  3.1810e-04  1.0035e+01 
 112    7  2.1042e-08  1.0837e-04  3.7272e+00 
 112    8  5.6982e-09  3.3197e-05  7.8401e-01 
 112    9  3.8616e-09  1.0027e-05  6.9456e-01 
 113    1  3.9217e-04  2.7797e-01  2.7636e+04 
 113    2  1.4338e-04  5.4744e-01  2.7405e+04 
 113    3  1.6665e-06  8.0202e-03  2.8040e+02 
 113    4  5.5276e-07  3.1022e-03  9.5753e+01 
 113    5  1.9982e-07  8.2755e-04  3.5843e+01 
 113    6  5.6606e-08  3.1446e-04  9.5544e+00 
 113    7  2.2843e-08  1.0856e-04  4.0805e+00 
 113    8  5.7467e-09  3.7581e-05  9.4131e-01 
 113    9  2.4971e-09  1.1522e-05  4.0724e-01 
 114    1  3.9263e-04  2.7262e-01  2.6792e+04 
 114    2  1.3829e-04  5.2504e-01  2.6533e+04 
 114    3  1.4139e-06  8.6689e-03  2.4517e+02 
 114    4  4.7908e-07  3.2979e-03  8.8132e+01 
 114    5  1.2334e-07  8.0332e-04  2.1848e+01 
 114    6  2.9063e-08  2.1707e-04  5.0912e+00 
 114    7  1.0246e-08  6.6053e-05  1.9055e+00 
 114    8  2.0990e-09  1.7094e-05  3.6961e-01 
 115    1  3.9185e-04  2.5606e-01  2.5850e+04 
 115    2  1.3196e-04  4.8564e-01  2.5410e+04 
 115    3  2.9639e-06  8.8280e-03  5.0758e+02 
 115    4  8.2259e-07  3.4658e-03  1.4480e+02 
 115    5  1.5646e-07  1.0233e-03  2.5035e+01 
 115    6  7.6348e-08  3.5646e-04  1.3250e+01 
 115    7  2.4001e-08  1.1106e-04  4.3466e+00 
 115    8  4.1512e-09  3.2407e-05  7.4878e-01 
 115    9  1.1720e-09  8.6091e-06  2.0109e-01 
 116    1  3.8933e-04  2.3420e-01  2.4765e+04 
 116    2  1.2692e-04  4.4237e-01  2.4493e+04 
 116    3  1.5445e-06  9.2933e-03  2.5160e+02 
 116    4  6.4056e-07  2.6684e-03  1.1600e+02 
 116    5  1.1083e-07  7.0417e-04  1.7149e+01 
 116    6  5.9426e-08  2.0252e-04  1.0486e+01 
 116    7  1.1397e-08  6.4736e-05  1.9939e+00 
 116    8  3.9615e-09  2.4010e-05  6.9348e-01 
 116    9  1.1358e-09  8.0542e-06  1.9393e-01 
 117    1  3.8464e-04  2.1463e-01  2.3641e+04 
 117    2  1.2037e-04  4.1088e-01  2.3288e+04 
 117    3  1.4187e-06  7.1882e-03  2.5257e+02 
 117    4  5.3160e-07  2.7594e-03  8.7242e+01 
 117    5  2.2079e-07  8.1843e-04  3.9145e+01 
 117    6  4.1179e-08  2.7948e-04  7.4283e+00 
 117    7  1.0589e-08  7.8237e-05  1.9005e+00 
 117    8  3.0352e-09  2.2954e-05  5.1096e-01 
 118    1  3.7775e-04  2.0327e-01  2.2600e+04 
 118    2  1.1522e-04  4.0043e-01  2.2306e+04 
 118    3  1.9803e-06  7.9957e-03  3.4320e+02 
 118    4  5.5663e-07  2.5624e-03  9.9708e+01 
 118    5  1.0739e-07  7.1476e-04  1.8044e+01 
 118    6  4.1469e-08  1.8698e-04  7.3588e+00 
 118    7  9.3877e-09  6.0369e-05  1.6400e+00 
 118    8  3.0348e-09  1.8288e-05  5.5443e-01 
 119    1  3.6929e-04  2.0474e-01  2.1574e+04 
 119    2  1.0948e-04  4.1592e-01  2.1225e+04 
 119    3  1.6060e-06  7.2704e-03  2.8378e+02 
 119    4  4.3862e-07  2.6291e-03  7.9664e+01 
 119    5  9.0197e-08  6.9008e-04  1.6237e+01 
 119    6  2.8285e-08  2.0666e-04  5.1996e+00 
 119    7  6.8277e-09  5.3757e-05  1.2133e+00 
 119    8  2.5807e-09  1.5447e-05  4.6190e-01 
 120    1  3.6014e-04  2.1781e-01  2.0544e+04 
 120    2  1.0506e-04  4.4809e-01  2.0368e+04 
 120    3  1.8309e-06  6.8555e-03  3.2235e+02 
 120    4  3.7968e-07  2.2608e-03  6.7864e+01 
 120    5  1.0247e-07  6.6552e-04  1.8255e+01 
 120    6  3.7602e-08  1.8057e-04  6.7349e+00 
 120    7  7.1489e-09  5.5451e-05  1.3100e+00 
 120    8  1.2766e-09  1.3829e-05  2.4048e-01 
 121    1  3.5105e-04  2.3514e-01  1.9683e+04 
 121    2  9.9947e-05  4.8016e-01  1.9389e+04 
 121    3  8.5467e-07  7.1461e-03  1.3861e+02 
 121    4  3.9620e-07  2.3981e-03  7.0647e+01 
 121    5  1.1206e-07  6.2830e-04  1.9764e+01 
 121    6  3.2536e-08  1.7064e-04  5.6528e+00 
 121    7  7.5624e-09  5.1224e-05  1.2857e+00 
 121    8  3.0741e-09  1.4928e-05  5.5835e-01 
 122    1  3.4268e-04  2.4865e-01  1.8975e+04 
 122    2  9.7533e-05  4.9933e-01  1.8869e+04 
 122    3  2.2798e-06  6.7449e-03  4.0028e+02 
 122    4  5.3081e-07  2.8436e-03  8.7857e+01 
 122    5  2.0264e-07  8.6719e-04  3.6350e+01 
 122    6  4.3102e-08  2.3459e-04  7.3720e+00 
 122    7  1.2970e-08  8.5139e-05  2.3232e+00 
 122    8  3.2602e-09  2.6054e-05  5.8313e-01 
 123    1  3.3538e-04  2.5400e-01  1.8297e+04 
 123    2  9.4338e-05  5.0134e-01  1.8208e+04 
 123    3  9.9608e-07  5.5790e-03  1.4405e+02 
 123    4  5.6089e-07  2.4396e-03  9.3230e+01 
 123    5  1.8916e-07  8.4426e-04  3.1459e+01 
 123    6  8.1782e-08  2.5970e-04  1.4739e+01 
 123    7  1.4629e-08  9.5495e-05  2.6863e+00 
 123    8  3.6247e-09  2.6077e-05  6.5613e-01 
 123    9  9.4074e-10  7.9163e-06  1.5859e-01 
 124    1  3.2913e-04  2.5069e-01  1.7833e+04 
 124    2  9.2922e-05  4.8761e-01  1.7851e+04 
 124    3  1.1791e-06  7.1070e-03  2.0063e+02 
 124    4  4.9664e-07  3.1178e-03  9.0533e+01 
 124    5  1.4677e-07  8.5962e-04  2.4191e+01 
 124    6  8.2953e-08  2.7519e-04  1.4606e+01 
 124    7  1.8815e-08  8.8361e-05  3.1022e+00 
 124    8  6.8472e-09  3.2760e-05  1.2033e+00 
 124    9  2.4569e-09  8.9459e-06  4.3269e-01 
 125    1  3.2354e-04  2.4040e-01  1.7749e+04 
 125    2  9.3387e-05  4.6052e-01  1.7824e+04 
 125    3  1.1612e-06  6.0865e-03  2.0817e+02 
 125    4  3.1737e-07  2.0761e-03  5.6887e+01 
 125    5  1.2607e-07  6.0056e-04  2.1560e+01 
 125    6  4.1062e-08  1.6502e-04  7.0271e+00 
 125    7  1.7244e-08  5.3818e-05  3.0849e+00 
 125    8  2.3493e-09  1.5379e-05  4.0343e-01 
 126    1  3.1801e-04  2.2390e-01  1.7856e+04 
 126    2  9.5966e-05  4.2148e-01  1.8196e+04 
 126    3  2.0438e-06  7.4111e-03  3.6008e+02 
 126    4  5.4653e-07  3.0488e-03  9.1871e+01 
 126    5  1.9995e-07  9.0831e-04  3.3362e+01 
 126    6  7.8634e-08  2.9467e-04  1.4038e+01 
 126    7  1.2046e-08  8.1146e-05  2.1601e+00 
 126    8  3.8350e-09  2.2969e-05  6.8710e-01 
 126    9  8.6354e-10  6.8920e-06  1.5482e-01 
 127    1  3.1195e-04  2.0207e-01  1.8193e+04 
 127    2  9.7934e-05  3.7822e-01  1.8491e+04 
 127    3  9.5004e-07  5.9089e-03  1.5634e+02 
 127    4  4.8332e-07  2.1506e-03  8.3875e+01 
 127    5  1.1455e-07  7.3948e-04  2.0283e+01 
 127    6  4.3454e-08  2.2098e-04  7.7491e+00 
 127    7  9.9647e-09  6.0768e-05  1.7813e+00 
 127    8  2.0759e-09  1.8442e-05  3.8476e-01 
 128    1  3.0491e-04  1.8203e-01  1.9000e+04 
 128    2  1.0241e-04  3.4688e-01  1.9274e+04 
 128    3  1.0169e-06  6.7114e-03  1.6943e+02 
 128    4  4.4917e-07  2.3811e-03  8.0178e+01 
 128    5  1.0412e-07  7.4437e-04  1.8542e+01 
 128    6  3.3921e-08  2.3482e-04  5.7659e+00 
 128    7  1.4535e-08  7.9660e-05  2.6845e+00 
 128    8  2.6110e-09  2.2564e-05  4.6098e-01 
 129    1  2.9679e-04  1.7240e-01  2.0058e+04 
 129    2  1.0973e-04  3.4157e-01  2.0621e+04 
 129    3  1.4609e-06  8.0716e-03  2.3027e+02 
 129    4  8.4447e-07  2.2437e-03  1.5379e+02 
 129    5  1.4782e-07  7.6048e-04  2.6229e+01 
 129    6  4.9662e-08  1.8953e-04  8.8417e+00 
 129    7  1.0655e-08  6.6123e-05  1.9304e+00 
 129    8  2.1414e-09  1.6793e-05  3.9206e-01 
 130    1  2.8822e-04  1.7588e-01  2.1186e+04 
 130    2  1.1446e-04  3.5724e-01  2.1538e+04 
 130    3  1.3930e-06  6.4150e-03  2.4426e+02 
 130    4  5.2016e-07  2.1783e-03  9.1261e+01 
 130    5  2.1658e-07  6.0736e-04  3.8236e+01 
 130    6  2.4893e-08  1.6791e-04  4.4419e+00 
 130    7  8.5024e-09  5.3721e-05  1.3642e+00 
 130    8  4.1609e-09  1.7942e-05  7.4808e-01 
 130    9  6.9446e-10  4.9460e-06  1.0667e-01 
 131    1  2.8008e-04  1.8652e-01  2.2608e+04 
 131    2  1.2203e-04  3.7835e-01  2.3028e+04 
 131    3  1.0025e-06  5.9939e-03  1.5446e+02 
 131    4  5.3523e-07  1.9764e-03  9.8428e+01 
 131    5  8.2060e-08  5.3688e-04  1.3960e+01 
 131    6  2.6636e-08  1.5460e-04  4.4629e+00 
 131    7  1.4524e-08  4.3293e-05  2.5970e+00 
 131    8  2.9014e-09  1.3448e-05  5.1692e-01 
 131    9  5.9445e-10  4.1726e-06  1.0707e-01 
 132    1  2.7288e-04  1.9655e-01  2.4238e+04 
 132    2  1.3184e-04  3.9561e-01  2.4968e+04 
 132    3  1.6012e-06  6.4484e-03  2.9272e+02 
 132    4  4.4343e-07  2.2776e-03  7.8380e+01 
 132    5  1.2014e-07  5.8308e-04  2.1605e+01 
 132    6  2.5963e-08  1.5445e-04  4.7615e+00 
 132    7  5.5124e-09  4.2493e-05  9.8393e-01 
 132    8  1.6408e-09  1.2171e-05  2.9254e-01 
 133    1  2.6730e-04  2.0292e-01  2.5803e+04 
 133    2  1.3893e-04  4.0503e-01  2.6431e+04 
 133    3  6.8542e-07  5.0415e-03  9.8542e+01 
 133    4  4.0740e-07  1.8758e-03  7.2619e+01 
 133    5  9.4416e-08  5.7915e-04  1.6506e+01 
 133    6  3.1060e-08  1.8836e-04  5.3853e+00 
 133    7  1.3071e-08  7.0041e-05  2.2505e+00 
 133    8  3.9521e-09  2.0412e-05  6.0731e-01 
 133    9  1.9119e-09  7.2303e-06  3.3624e-01 
 134    1  2.6412e-04  2.0573e-01  2.7472e+04 
 134    2  1.4631e-04  4.0651e-01  2.7972e+04 
 134    3  1.0143e-06  5.2875e-03  1.7786e+02 
 134    4  3.1565e-07  1.9252e-03  5.5763e+01 
 134    5  9.8849e-08  5.9727e-04  1.7620e+01 
 134    6  3.3005e-08  1.8378e-04  5.6064e+00 
 134    7  1.3097e-08  6.2541e-05  2.2569e+00 
 134    8  4.3996e-09  2.1902e-05  8.0911e-01 
 134    9  1.0577e-09  6.7716e-06  1.9159e-01 
 135    1  2.6314e-04  2.0498e-01  2.9316e+04 
 135    2  1.5596e-04  4.0274e-01  2.9953e+04 
 135    3  1.0561e-06  5.9521e-03  1.7780e+02 
 135    4  4.2644e-07  2.3152e-03  7.7997e+01 
 135    5  7.9008e-08  6.1214e-04  1.3989e+01 
 135    6  2.9198e-08  1.6331e-04  5.2489e+00 
 135    7  6.7815e-09  4.9664e-05  1.2193e+00 
 135    8  2.5380e-09  1.5775e-05  4.6729e-01 
 136    1  2.6393e-04  2.0234e-01  3.1048e+04 
 136    2  1.6471e-04  3.9823e-01  3.1768e+04 
 136    3  1.0320e-06  5.3932e-03  1.8297e+02 
 136    4  3.7573e-07  1.8427e-03  6.6349e+01 
 136    5  7.8727e-08  5.8554e-04  1.4045e+01 
 136    6  2.7089e-08  1.9994e-04  4.9526e+00 
 136    7  5.4133e-09  5.5480e-05  9.5000e-01 
 136    8  1.9998e-09  1.2238e-05  3.6515e-01 
 137    1  2.6666e-04  2.0078e-01  3.2704e+04 
 137    2  1.7143e-04  3.9568e-01  3.3210e+04 
 137    3  1.2691e-06  6.7639e-03  2.3378e+02 
 137    4  3.5518e-07  2.2891e-03  6.0595e+01 
 137    5  1.4084e-07  8.1259e-04  2.5703e+01 
 137    6  4.8741e-08  2.5576e-04  8.2178e+00 
 137    7  1.7551e-08  8.3801e-05  3.1752e+00 
 137    8  4.3377e-09  2.5687e-05  7.8512e-01 
 137    9  7.5388e-10  6.7448e-06  1.3768e-01 
 138    1  2.7079e-04  1.9961e-01  3.4436e+04 
 138    2  1.8045e-04  3.9248e-01  3.5080e+04 
 138    3  9.1715e-07  4.5034e-03  1.6029e+02 
 138    4  2.9766e-07  1.6403e-03  5.1651e+01 
 138    5  1.0197e-07  6.0790e-04  1.8085e+01 
 138    6  2.5844e-08  1.9187e-04  4.5145e+00 
 138    7  7.1812e-09  5.7759e-05  1.2540e+00 
 138    8  2.4466e-09  1.5578e-05  4.2725e-01 
 139    1  2.7532e-04  1.9704e-01  3.6021e+04 
 139    2  1.8815e-04  3.8647e-01  3.6697e+04 
 139    3  1.2491e-06  5.9974e-03  2.1626e+02 
 139    4  4.6475e-07  2.2112e-03  8.2359e+01 
 139    5  1.0834e-07  7.5235e-04  1.9306e+01 
 139    6  3.0986e-08  2.3115e-04  5.3184e+00 
 139    7  1.4902e-08  6.2757e-05  2.6757e+00 
 139    8  2.6096e-09  1.6682e-05  4.6145e-01 
 140    1  2.8029e-04  1.9466e-01  3.7372e+04 
 140    2  1.9371e-04  3.8689e-01  3.7900e+04 
 140    3  6.4670e-07  5.2526e-03  1.0164e+02 
 140    4  3.3137e-07  1.7064e-03  5.8348e+01 
 140    5  8.5981e-08  4.6916e-04  1.5762e+01 
 140    6  2.1481e-08  1.3333e-04  3.8679e+00 
 140    7  5.1566e-09  3.8702e-05  9.5373e-01 
 140    8  1.2408e-09  1.0303e-05  2.2528e-01 
 141    1  2.8598e-04  1.9787e-01  3.8696e+04 
 141    2  2.0012e-04  4.0173e-01  3.9252e+04 
 141    3  1.6191e-06  5.3151e-03  2.6078e+02 
 141    4  6.4330e-07  1.9667e-03  1.1196e+02 
 141    5  1.4914e-07  5.4249e-04  2.7017e+01 
 141    6  2.9316e-08  1.2482e-04  5.3882e+00 
 141    7  4.9455e-09  3.7045e-05  8.8075e-01 
 141    8  1.5331e-09  1.1393e-05  2.7106e-01 
 142    1  2.9226e-04  2.0899e-01  3.9893e+04 
 142    2  2.0571e-04  4.2792e-01  4.0438e+04 
 142    3  1.6468e-06  6.1495e-03  2.9293e+02 
 142    4  3.5452e-07  2.0193e-03  5.9381e+01 
 142    5  1.3226e-07  6.9322e-04  2.3881e+01 
 142    6  3.8745e-08  1.7501e-04  6.8872e+00 
 142    7  8.8358e-09  5.0843e-05  1.5555e+00 
 142    8  2.6017e-09  1.4220e-05  4.6175e-01 
 143    1  2.9985e-04  2.2302e-01  4.0791e+04 
 143    2  2.0893e-04  4.5255e-01  4.1170e+04 
 143    3  6.0829e-07  5.1930e-03  1.0249e+02 
 143    4  2.6787e-07  1.6820e-03  4.7194e+01 
 143    5  9.1974e-08  5.3060e-04  1.6496e+01 
 143    6  2.8723e-08  1.4536e-04  5.1933e+00 
 143    7  6.7315e-09  4.3116e-05  1.2095e+00 
 143    8  1.6356e-09  1.2151e-05  3.0079e-01 
 144    1  3.0927e-04  2.3262e-01  4.1567e+04 
 144    2  2.1182e-04  4.6440e-01  4.1822e+04 
 144    3  1.0401e-06  5.0454e-03  1.8114e+02 
 144    4  3.6108e-07  1.8199e-03  5.9848e+01 
 144    5  1.3973e-07  6.7639e-04  2.4816e+01 
 144    6  3.4116e-08  2.1176e-04  5.9963e+00 
 144    7  9.9909e-09  6.8331e-05  1.8332e+00 
 144    8  3.3748e-09  1.9944e-05  5.6140e-01 
 144    9  1.5423e-09  6.2134e-06  2.7285e-01 
 145    1  3.1948e-04  2.3446e-01  4.2248e+04 
 145    2  2.1519e-04  4.6225e-01  4.2536e+04 
 145    3  8.8509e-07  4.6149e-03  1.6028e+02 
 145    4  2.5513e-07  1.6504e-03  4.5327e+01 
 145    5  8.2356e-08  5.2439e-04  1.5305e+01 
 145    6  1.6744e-08  1.4829e-04  3.0201e+00 
 145    7  7.6132e-09  4.5750e-05  1.3459e+00 
 145    8  2.7387e-09  1.5012e-05  4.8416e-01 
 146    1  3.2976e-04  2.3083e-01  4.2618e+04 
 146    2  2.1583e-04  4.5470e-01  4.2716e+04 
 146    3  1.0840e-06  5.1153e-03  1.7844e+02 
 146    4  4.0326e-07  1.7484e-03  6.2783e+01 
 146    5  2.1105e-07  5.1851e-04  3.7748e+01 
 146    6  3.5772e-08  1.9151e-04  6.4114e+00 
 146    7  8.5301e-09  6.3377e-05  1.5260e+00 
 146    8  3.3084e-09  1.8153e-05  5.9730e-01 
 146    9  7.2534e-10  5.4471e-06  1.3395e-01 
 147    1  3.4022e-04  2.2792e-01  4.2770e+04 
 147    2  2.1512e-04  4.5297e-01  4.2623e+04 
 147    3  2.5283e-06  4.6017e-03  4.5260e+02 
 147    4  4.0515e-07  1.8198e-03  7.2017e+01 
 147    5  1.1569e-07  5.2907e-04  2.0596e+01 
 147    6  1.7021e-08  1.6124e-04  3.0717e+00 
 147    7  6.0092e-09  4.8966e-05  1.0847e+00 
 147    8  1.5241e-09  1.4089e-05  2.4693e-01 
 148    1  3.5031e-04  2.2897e-01  4.2845e+04 
 148    2  2.1588e-04  4.5877e-01  4.2777e+04 
 148    3  1.2504e-06  5.2312e-03  2.1273e+02 
 148    4  3.5076e-07  1.5986e-03  5.8611e+01 
 148    5  1.2702e-07  5.8019e-04  2.0847e+01 
 148    6  6.0115e-08  1.9875e-04  1.0772e+01 
 148    7  1.0961e-08  6.0228e-05  1.9824e+00 
 148    8  1.8725e-09  1.8704e-05  3.5254e-01 
 149    1  3.5962e-04  2.3308e-01  4.2655e+04 
 149    2  2.1470e-04  4.6666e-01  4.2529e+04 
 149    3  7.0976e-07  4.3584e-03  1.2058e+02 
 149    4  2.9586e-07  1.5081e-03  5.0185e+01 
 149    5  1.0726e-07  5.8160e-04  1.9204e+01 
 149    6  2.7266e-08  1.8002e-04  4.7936e+00 
 149    7  8.4641e-09  5.8822e-05  1.3892e+00 
 149    8  4.2361e-09  2.0466e-05  7.6361e-01 
 149    9  4.5844e-10  4.6400e-06  8.2698e-02 
 150    1  3.6856e-04  2.3633e-01  4.2195e+04 
 150    2  2.1244e-04  4.6843e-01  4.2064e+04 
 150    3  7.5731e-07  5.5545e-03  1.2702e+02 
 150    4  3.3874e-07  1.8051e-03  5.9678e+01 
 150    5  1.1130e-07  6.7818e-04  2.0107e+01 
 150    6  2.5308e-08  1.9450e-04  4.4142e+00 
 150    7  7.7324e-09  6.3148e-05  1.3738e+00 
 150    8  3.1099e-09  1.8299e-05  5.4297e-01 
 151    1  3.7688e-04  2.3501e-01  4.1703e+04 
 151    2  2.0977e-04  4.6229e-01  4.1492e+04 
 151    3  6.1931e-07  3.5848e-03  7.8609e+01 
 151    4  3.8511e-07  1.1887e-03  6.9588e+01 
 151    5  7.6228e-08  3.4821e-04  1.3508e+01 
 151    6  2.4216e-08  1.0980e-04  4.4114e+00 
 151    7  4.7802e-09  2.6898e-05  8.6480e-01 
 151    8  8.1617e-10  8.0131e-06  1.4019e-01 
 152    1  3.8377e-04  2.3022e-01  4.1081e+04 
 152    2  2.0711e-04  4.5211e-01  4.0893e+04 
 152    3  1.0172e-06  4.3385e-03  1.8050e+02 
 152    4  2.2864e-07  1.4408e-03  4.0659e+01 
 152    5  5.0127e-08  3.8516e-04  9.2334e+00 
 152    6  1.0120e-08  1.0031e-04  1.8413e+00 
 152    7  3.2466e-09  2.5626e-05  5.8598e-01 
 153    1  3.8957e-04  2.2549e-01  4.0230e+04 
 153    2  2.0266e-04  4.4413e-01  3.9942e+04 
 153    3  5.9804e-07  3.6840e-03  1.0359e+02 
 153    4  2.3515e-07  1.4552e-03  4.2582e+01 
 153    5  5.6358e-08  4.2385e-04  1.0242e+01 
 153    6  1.8091e-08  1.2579e-04  3.2432e+00 
 153    7  4.4130e-09  3.8297e-05  7.8866e-01 
 153    8  1.4976e-09  9.3379e-06  2.7615e-01 
 154    1  3.9474e-04  2.2260e-01  3.9397e+04 
 154    2  1.9898e-04  4.3961e-01  3.9112e+04 
 154    3  5.3092e-07  3.8473e-03  6.9605e+01 
 154    4  3.2221e-07  1.1418e-03  5.6315e+01 
 154    5  8.9825e-08  3.0989e-04  1.6534e+01 
 154    6  1.1540e-08  9.6539e-05  2.1136e+00 
 154    7  3.4677e-09  2.6921e-05  6.2585e-01 
 155    1  3.9885e-04  2.2067e-01  3.8608e+04 
 155    2  1.9592e-04  4.3409e-01  3.8379e+04 
 155    3  1.1753e-06  5.3946e-03  2.0938e+02 
 155    4  3.3108e-07  1.7395e-03  5.8710e+01 
 155    5  8.2612e-08  5.4033e-04  1.3419e+01 
 155    6  4.3556e-08  1.8284e-04  7.7564e+00 
 155    7  1.0999e-08  6.7204e-05  1.9533e+00 
 155    8  2.8999e-09  2.1370e-05  5.2578e-01 
 156    1  4.0188e-04  2.1635e-01  3.7642e+04 
 156    2  1.9075e-04  4.1906e-01  3.7231e+04 
 156    3  9.1515e-07  4.3805e-03  1.5441e+02 
 156    4  3.5268e-07  1.8558e-03  5.7085e+01 
 156    5  1.9045e-07  5.8544e-04  3.4296e+01 
 156    6  2.2254e-08  1.6752e-04  3.9740e+00 
 156    7  6.4432e-09  4.9740e-05  1.1233e+00 
 156    8  2.0139e-09  1.4109e-05  3.7414e-01 
 157    1  4.0401e-04  2.0555e-01  3.6677e+04 
 157    2  1.8683e-04  3.9222e-01  3.6312e+04 
 157    3  1.3182e-06  4.4626e-03  2.2813e+02 
 157    4  3.5713e-07  1.7428e-03  6.4151e+01 
 157    5  1.0586e-07  5.5320e-04  1.9216e+01 
 157    6  2.9443e-08  1.7660e-04  5.2439e+00 
 157    7  9.0198e-09  5.4046e-05  1.5612e+00 
 157    8  3.3567e-09  1.8437e-05  6.0326e-01 
 158    1  4.0432e-04  1.9004e-01  3.5862e+04 
 158    2  1.8417e-04  3.6131e-01  3.5610e+04 
 158    3  9.1277e-07  3.8113e-03  1.6346e+02 
 158    4  2.8167e-07  1.5711e-03  4.6817e+01 
 158    5  1.1665e-07  5.1962e-04  2.1202e+01 
 158    6  3.0927e-08  1.5723e-04  5.5945e+00 
 158    7  5.8457e-09  4.7328e-05  1.0831e+00 
 158    8  1.5304e-09  1.2518e-05  2.6332e-01 
 159    1  4.0231e-04  1.7553e-01  3.4946e+04 
 159    2  1.8057e-04  3.3815e-01  3.4724e+04 
 159    3  9.8817e-07  3.5901e-03  1.6806e+02 
 159    4  3.4645e-07  1.7524e-03  6.1839e+01 
 159    5  1.0089e-07  5.6401e-04  1.8710e+01 
 159    6  2.4436e-08  1.6224e-04  4.4805e+00 
 159    7  7.1891e-09  5.6131e-05  1.3512e+00 
 159    8  2.5291e-09  1.5626e-05  4.5412e-01 
 160    1  3.9869e-04  1.6754e-01  3.3999e+04 
 160    2  1.7687e-04  3.2847e-01  3.3840e+04 
 160    3  7.5307e-07  4.5297e-03  1.3760e+02 
 160    4  2.4951e-07  1.4803e-03  4.2060e+01 
 160    5  1.2290e-07  5.8293e-04  2.1475e+01 
 160    6  3.1243e-08  1.9632e-04  5.7044e+00 
 160    7  6.9698e-09  5.9084e-05  1.2492e+00 
 160    8  2.0366e-09  1.6590e-05  3.2349e-01 
 161    1  3.9356e-04  1.6592e-01  3.3303e+04 
 161    2  1.7430e-04  3.2795e-01  3.3175e+04 
 161    3  9.9712e-07  3.9339e-03  1.7886e+02 
 161    4  2.9061e-07  1.3578e-03  5.0902e+01 
 161    5  9.9370e-08  4.5941e-04  1.7561e+01 
 161    6  3.4512e-08  1.6311e-04  5.3258e+00 
 161    7  1.8086e-08  4.9233e-05  3.2652e+00 
 161    8  3.0263e-09  1.5098e-05  5.6436e-01 
 162    1  3.8669e-04  1.6611e-01  3.2685e+04 
 162    2  1.7233e-04  3.2504e-01  3.2634e+04 
 162    3  1.3164e-06  4.3128e-03  2.4116e+02 
 162    4  2.5412e-07  1.6222e-03  4.3128e+01 
 162    5  1.1028e-07  4.2587e-04  1.9799e+01 
 162    6  2.3049e-08  1.2559e-04  4.2168e+00 
 162    7  6.6652e-09  4.1322e-05  1.1800e+00 
 162    8  2.1111e-09  1.2776e-05  3.9100e-01 
 163    1  3.7891e-04  1.6277e-01  3.2063e+04 
 163    2  1.6936e-04  3.1628e-01  3.1940e+04 
 163    3  6.2621e-07  3.8104e-03  1.0233e+02 
 163    4  2.4799e-07  1.3192e-03  3.8735e+01 
 163    5  1.1961e-07  3.5765e-04  2.1429e+01 
 163    6  2.0654e-08  9.4585e-05  3.7682e+00 
 163    7  3.8223e-09  2.6527e-05  6.6424e-01 
 163    8  1.4491e-09  8.2227e-06  2.5174e-01 
 164    1  3.7062e-04  1.5793e-01  3.1748e+04 
 164    2  1.6849e-04  3.1015e-01  3.1674e+04 
 164    3  4.8312e-07  3.1189e-03  8.5930e+01 
 164    4  1.5994e-07  9.1979e-04  2.7859e+01 
 164    5  4.7084e-08  2.4357e-04  7.7190e+00 
 164    6  2.0015e-08  6.5562e-05  3.6615e+00 
 164    7  3.0564e-09  1.9752e-05  4.7753e-01 
 165    1  3.6149e-04  1.5768e-01  3.1677e+04 
 165    2  1.6852e-04  3.1824e-01  3.1605e+04 
 165    3  4.2024e-07  3.6533e-03  7.7630e+01 
 165    4  1.6994e-07  1.1497e-03  3.1062e+01 
 165    5  4.5600e-08  3.0677e-04  7.1487e+00 
 165    6  2.1650e-08  8.8902e-05  3.8807e+00 
 165    7  6.3045e-09  2.6697e-05  1.1471e+00 
 165    8  1.3142e-09  8.9643e-06  2.4017e-01 
 166    1  3.5241e-04  1.6580e-01  3.1584e+04 
 166    2  1.6850e-04  3.4164e-01  3.1566e+04 
 166    3  6.6727e-07  3.8578e-03  1.1714e+02 
 166    4  2.0616e-07  1.2687e-03  3.2504e+01 
 166    5  9.4664e-08  4.3217e-04  1.6459e+01 
 166    6  3.2346e-08  1.2912e-04  5.8785e+00 
 166    7  7.1867e-09  4.4030e-05  1.2291e+00 
 166    8  2.6401e-09  1.2736e-05  4.8411e-01 
 167    1  3.4469e-04  1.7976e-01  3.1691e+04 
 167    2  1.6983e-04  3.7080e-01  3.1809e+04 
 167    3  7.0283e-07  4.1398e-03  1.1394e+02 
 167    4  3.5128e-07  1.7717e-03  6.4569e+01 
 167    5  7.1065e-08  5.7735e-04  1.3293e+01 
 167    6  2.4085e-08  1.5349e-04  4.2375e+00 
 167    7  6.5248e-09  4.5159e-05  1.0219e+00 
 167    8  2.9401e-09  1.3927e-05  4.9003e-01 
 168    1  3.3831e-04  1.9428e-01  3.2050e+04 
 168    2  1.7110e-04  3.9654e-01  3.2070e+04 
 168    3  6.5934e-07  3.7589e-03  1.0751e+02 
 168    4  3.1007e-07  1.6009e-03  5.6221e+01 
 168    5  7.3673e-08  5.3982e-04  1.3453e+01 
 168    6  2.8160e-08  1.5265e-04  4.5338e+00 
 168    7  1.2623e-08  5.6360e-05  2.1526e+00 
 168    8  4.8817e-09  1.6550e-05  8.8570e-01 
 168    9  7.6187e-10  4.6837e-06  1.2448e-01 
 169    1  3.3369e-04  2.0492e-01  3.2359e+04 
 169    2  1.7328e-04  4.1407e-01  3.2510e+04 
 169    3  4.8663e-07  3.3415e-03  8.2411e+01 
 169    4  2.0430e-07  1.2279e-03  3.7004e+01 
 169    5  5.7719e-08  3.7121e-04  1.0428e+01 
 169    6  1.9220e-08  1.3564e-04  3.5297e+00 
 169    7  5.6856e-09  4.0957e-05  1.0157e+00 
 169    8  1.4135e-09  1.1937e-05  2.5436e-01 
 170    1  3.3180e-04  2.1159e-01  3.2677e+04 
 170    2  1.7471e-04  4.2429e-01  3.2823e+04 
 170    3  6.2800e-07  4.0171e-03  1.1344e+02 
 170    4  1.8618e-07  1.3150e-03  3.2650e+01 
 170    5  8.3608e-08  4.2864e-04  1.3298e+01 
 170    6  3.8978e-08  1.7131e-04  6.9866e+00 
 170    7  1.1760e-08  4.5922e-05  2.1339e+00 
 170    8  2.6790e-09  1.3895e-05  4.6463e-01 
 171    1  3.3213e-04  2.1559e-01  3.3194e+04 
 171    2  1.7789e-04  4.3039e-01  3.3448e+04 
 171    3  8.0636e-07  3.7435e-03  1.4443e+02 
 171    4  2.3252e-07  1.2162e-03  4.0165e+01 
 171    5  9.1081e-08  4.3939e-04  1.6511e+01 
 171    6  2.3639e-08  1.4171e-04  4.3040e+00 
 171    7  6.7595e-09  4.3556e-05  1.1928e+00 
 171    8  2.6045e-09  1.5554e-05  4.4133e-01 
 172    1  3.3397e-04  2.1772e-01  3.3640e+04 
 172    2  1.7975e-04  4.3466e-01  3.3825e+04 
 172    3  7.3161e-07  4.1196e-03  1.2252e+02 
 172    4  2.9473e-07  1.5210e-03  5.0483e+01 
 172    5  1.0126e-07  5.0824e-04  1.7718e+01 
 172    6  2.5625e-08  1.6215e-04  4.6663e+00 
 172    7  6.2151e-09  4.5415e-05  1.0212e+00 
 172    8  2.7652e-09  1.3791e-05  5.1055e-01 
 173    1  3.3785e-04  2.2001e-01  3.3923e+04 
 173    2  1.8000e-04  4.4093e-01  3.3894e+04 
 173    3  1.4943e-06  3.6492e-03  2.7492e+02 
 173    4  2.2646e-07  1.2700e-03  3.9957e+01 
 173    5  5.9966e-08  3.5750e-04  9.4674e+00 
 173    6  3.3216e-08  1.0715e-04  6.0934e+00 
 173    7  6.6262e-09  3.5179e-05  1.1481e+00 
 173    8  1.7709e-09  1.0476e-05  2.9775e-01 
 174    1  3.4364e-04  2.2399e-01  3.4268e+04 
 174    2  1.8239e-04  4.4975e-01  3.4328e+04 
 174    3  8.8385e-07  3.5910e-03  1.2608e+02 
 174    4  5.2531e-07  1.2783e-03  9.5058e+01 
 174    5  7.6690e-08  3.4252e-04  1.3854e+01 
 174    6  1.8564e-08  1.0160e-04  3.4108e+00 
 174    7  4.2136e-09  3.0375e-05  6.1517e-01 
 174    8  2.4385e-09  9.2442e-06  4.3763e-01 
 175    1  3.5056e-04  2.2864e-01  3.4567e+04 
 175    2  1.8403e-04  4.5791e-01  3.4607e+04 
 175    3  4.2269e-07  3.3342e-03  6.7155e+01 
 175    4  2.1481e-07  1.0939e-03  3.9526e+01 
 175    5  5.3667e-08  3.0512e-04  9.6584e+00 
 175    6  1.4906e-08  9.2511e-05  2.7215e+00 
 175    7  3.5103e-09  2.5108e-05  5.9770e-01 
 175    8  1.4322e-09  7.9104e-06  2.6483e-01 
 176    1  3.5891e-04  2.3171e-01  3.4623e+04 
 176    2  1.8381e-04  4.6173e-01  3.4540e+04 
 176    3  1.2882e-06  3.7565e-03  2.2891e+02 
 176    4  3.4679e-07  1.1491e-03  6.2675e+01 
 176    5  4.6486e-08  3.2018e-04  8.6608e+00 
 176    6  1.3043e-08  9.4425e-05  2.2528e+00 
 176    7  6.5979e-09  2.4258e-05  1.1824e+00 
 176    8  1.3431e-09  7.0999e-06  2.3482e-01 
 177    1  3.6874e-04  2.3206e-01  3.4631e+04 
 177    2  1.8451e-04  4.5869e-01  3.4611e+04 
 177    3  5.4605e-07  3.7203e-03  9.7674e+01 
 177    4  1.8845e-07  1.2026e-03  3.2873e+01 
 177    5  7.5707e-08  3.9837e-04  1.3424e+01 
 177    6  2.4084e-08  1.1543e-04  4.1071e+00 
 177    7  6.9113e-09  3.5045e-05  1.2039e+00 
 177    8  2.1793e-09  1.0997e-05  3.9451e-01 
 178    1  3.7884e-04  2.2860e-01  3.4641e+04 
 178    2  1.8575e-04  4.4697e-01  3.4758e+04 
 178    3  1.3367e-06  4.0463e-03  2.3724e+02 
 178    4  2.9724e-07  1.3154e-03  5.3287e+01 
 178    5  8.1257e-08  4.8228e-04  1.3768e+01 
 178    6  3.5156e-08  1.4599e-04  6.3435e+00 
 178    7  4.4100e-09  4.1558e-05  8.0944e-01 
 178    8  1.3300e-09  1.1716e-05  2.3669e-01 
 179    1  3.8854e-04  2.2041e-01  3.4428e+04 
 179    2  1.8391e-04  4.2753e-01  3.4345e+04 
 179    3  6.8420e-07  3.5275e-03  1.1519e+02 
 179    4  2.9534e-07  1.2748e-03  5.2758e+01 
 179    5  6.6498e-08  4.2236e-04  1.1711e+01 
 179    6  2.4092e-08  1.1130e-04  4.3311e+00 
 179    7  6.0591e-09  3.4974e-05  1.1013e+00 
 179    8  1.9070e-09  1.1511e-05  3.2709e-01 
 180    1  3.9775e-04  2.0920e-01  3.4074e+04 
 180    2  1.8221e-04  4.0360e-01  3.3936e+04 
 180    3  5.1523e-07  3.8129e-03  8.7050e+01 
 180    4  2.1457e-07  1.1177e-03  3.1665e+01 
 180    5  1.1023e-07  4.3669e-04  1.8724e+01 
 180    6  4.2655e-08  1.5523e-04  7.8220e+00 
 180    7  5.8388e-09  4.5232e-05  9.6813e-01 
 180    8  2.3470e-09  1.5010e-05  4.1067e-01 
 181    1  4.0550e-04  1.9727e-01  3.3771e+04 
 181    2  1.8145e-04  3.8052e-01  3.3677e+04 
 181    3  9.0369e-07  4.1865e-03  1.6396e+02 
 181    4  2.8710e-07  1.3945e-03  4.7034e+01 
 181    5  1.1466e-07  5.1474e-04  1.8510e+01 
 181    6  4.9483e-08  1.6619e-04  8.6304e+00 
 181    7  1.2993e-08  4.8458e-05  2.3067e+00 
 181    8  2.8198e-09  1.4796e-05  5.1609e-01 
 182    1  4.1114e-04  1.8661e-01  3.3345e+04 
 182    2  1.7929e-04  3.6202e-01  3.3159e+04 
 182    3  5.2650e-07  3.5362e-03  8.8965e+01 
 182    4  2.9676e-07  1.2612e-03  5.2516e+01 
 182    5  9.0585e-08  4.4457e-04  1.6167e+01 
 182    6  2.2292e-08  1.3912e-04  4.0386e+00 
 182    7  6.2670e-09  3.4285e-05  1.1479e+00 
 182    8  1.6515e-09  1.0642e-05  2.9569e-01 
 183    1  4.1512e-04  1.7871e-01  3.2773e+04 
 183    2  1.7697e-04  3.4941e-01  3.2609e+04 
 183    3  4.6921e-07  3.2732e-03  8.3410e+01 
 183    4  1.8956e-07  1.0846e-03  3.2047e+01 
 183    5  7.8075e-08  4.1913e-04  1.3827e+01 
 183    6  1.8976e-08  1.3335e-04  3.3183e+00 
 183    7  6.3722e-09  3.6913e-05  1.1268e+00 
 183    8  1.5177e-09  1.1478e-05  2.6266e-01 
 184    1  4.1740e-04  1.7393e-01  3.2285e+04 
 184    2  1.7510e-04  3.4155e-01  3.2130e+04 
 184    3  6.3465e-07  3.6470e-03  1.0083e+02 
 184    4  3.0150e-07  1.3824e-03  5.4320e+01 
 184    5  5.4719e-08  3.5389e-04  9.5584e+00 
 184    6  1.5104e-08  9.8066e-05  2.7208e+00 
 184    7  5.6491e-09  2.7932e-05  1.0116e+00 
 184    8  1.0662e-09  7.5718e-06  1.8831e-01 
 185    1  4.1759e-04  1.7129e-01  3.1823e+04 
 185    2  1.7369e-04  3.3748e-01  3.1739e+04 
 185    3  1.1502e-06  3.2089e-03  2.0566e+02 
 185    4  2.1088e-07  9.6010e-04  3.8344e+01 
 185    5  3.4267e-08  2.6369e-04  6.1725e+00 
 185    6  1.1538e-08  7.2295e-05  2.0149e+00 
 185    7  3.9092e-09  2.2473e-05  6.1378e-01 
 186    1  4.1622e-04  1.6963e-01  3.1238e+04 
 186    2  1.7129e-04  3.3435e-01  3.1177e+04 
 186    3  7.7225e-07  3.2417e-03  1.2133e+02 
 186    4  3.5916e-07  1.0349e-03  6.6325e+01 
 186    5  6.7693e-08  3.4535e-04  1.1992e+01 
 186    6  1.4054e-08  1.2196e-04  2.5517e+00 
 186    7  4.1044e-09  3.0334e-05  6.7634e-01 
 187    1  4.1367e-04  1.6797e-01  3.0716e+04 
 187    2  1.6854e-04  3.2954e-01  3.0555e+04 
 187    3  5.9884e-07  3.5810e-03  1.0789e+02 
 187    4  1.6991e-07  1.1380e-03  3.1453e+01 
 187    5  3.4227e-08  3.1542e-04  6.2635e+00 
 187    6  1.0377e-08  8.5804e-05  1.8515e+00 
 187    7  3.6532e-09  2.8770e-05  6.5949e-01 
 188    1  4.0938e-04  1.6469e-01  3.0318e+04 
 188    2  1.6655e-04  3.1989e-01  3.0081e+04 
 188    3  5.7816e-07  3.6870e-03  1.0055e+02 
 188    4  2.1043e-07  1.2880e-03  3.5996e+01 
 188    5  7.8770e-08  4.8382e-04  1.4478e+01 
 188    6  1.8122e-08  1.2783e-04  2.8798e+00 
 188    7  1.2191e-08  4.0107e-05  2.1149e+00 
 188    8  2.7932e-09  1.1190e-05  4.9826e-01 
 189    1  4.0335e-04  1.5805e-01  2.9849e+04 
 189    2  1.6456e-04  3.0437e-01  2.9618e+04 
 189    3  9.0948e-07  2.7868e-03  1.6748e+02 
 189    4  1.2723e-07  8.9753e-04  2.2222e+01 
 189    5  4.7938e-08  2.5528e-04  8.3815e+00 
 189    6  1.8164e-08  9.0217e-05  3.2026e+00 
 189    7  5.6682e-09  3.7286e-05  1.0369e+00 
 189    8  1.3056e-09  1.1279e-05  2.4554e-01 
 190    1  3.9597e-04  1.4938e-01  2.9398e+04 
 190    2  1.6303e-04  2.8845e-01  2.9251e+04 
 190    3  7.7523e-07  3.6318e-03  1.3940e+02 
 190    4  1.9756e-07  1.2165e-03  3.6020e+01 
 190    5  4.7053e-08  3.5542e-04  7.8887e+00 
 190    6  2.1295e-08  1.0537e-04  3.6667e+00 
 190    7  9.2439e-09  3.8580e-05  1.6192e+00 
 190    8  2.7041e-09  1.4989e-05  4.8830e-01 
 191    1  3.8683e-04  1.4316e-01  2.9126e+04 
 191    2  1.6256e-04  2.8333e-01  2.9094e+04 
 191    3  1.0406e-06  3.1269e-03  1.9066e+02 
 191    4  2.0205e-07  1.1059e-03  3.6556e+01 
 191    5  5.8999e-08  3.2502e-04  1.0495e+01 
 191    6  1.5032e-08  9.2677e-05  2.6118e+00 
 191    7  6.0498e-09  3.1764e-05  1.0775e+00 
 191    8  2.0381e-09  1.2945e-05  3.8023e-01 
 192    1  3.7584e-04  1.4502e-01  2.8863e+04 
 192    2  1.6093e-04  2.9745e-01  2.8763e+04 
 192    3  3.4945e-07  2.9844e-03  6.1911e+01 
 192    4  1.2552e-07  9.3233e-04  2.2493e+01 
 192    5  3.9777e-08  2.7181e-04  7.0563e+00 
 192    6  1.6181e-08  8.9205e-05  2.5885e+00 
 192    7  7.9808e-09  3.5825e-05  1.3952e+00 
 192    8  2.6980e-09  1.2507e-05  4.9582e-01 
 193    1  3.6404e-04  1.5665e-01  2.8549e+04 
 193    2  1.5948e-04  3.2785e-01  2.8485e+04 
 193    3  6.7493e-07  3.8367e-03  1.2535e+02 
 193    4  1.4496e-07  1.0731e-03  2.6434e+01 
 193    5  4.4736e-08  3.0079e-04  7.7819e+00 
 193    6  1.6834e-08  7.6400e-05  2.9536e+00 
 193    7  4.8205e-09  2.8726e-05  8.1831e-01 
 193    8  1.8170e-09  1.1671e-05  3.1125e-01 
 194    1  3.5199e-04  1.7432e-01  2.8363e+04 
 194    2  1.5885e-04  3.6512e-01  2.8364e+04 
 194    3  8.3370e-07  3.1158e-03  1.5110e+02 
 194    4  1.5819e-07  1.1267e-03  2.7555e+01 
 194    5  6.4001e-08  3.6012e-04  1.0986e+01 
 194    6  2.4434e-08  1.3930e-04  4.0895e+00 
 194    7  8.0266e-09  4.0052e-05  1.2685e+00 
 194    8  4.5052e-09  1.1884e-05  8.1184e-01 
 194    9  5.1190e-10  3.4570e-06  8.7196e-02 
 195    1  3.3989e-04  1.9318e-01  2.8223e+04 
 195    2  1.5752e-04  4.0072e-01  2.8143e+04 
 195    3  5.1582e-07  2.7911e-03  7.0969e+01 
 195    4  3.0293e-07  9.6301e-04  5.3681e+01 
 195    5  7.2478e-08  3.0318e-04  1.3146e+01 
 195    6  1.1574e-08  9.0983e-05  1.9061e+00 
 195    7  5.4302e-09  2.9298e-05  1.0095e+00 
 195    8  9.8777e-10  8.0584e-06  1.7691e-01 
 196    1  3.2893e-04  2.0923e-01  2.7982e+04 
 196    2  1.5680e-04  4.2798e-01  2.8036e+04 
 196    3  8.4620e-07  2.9072e-03  1.4887e+02 
 196    4  2.0026e-07  1.1004e-03  3.5785e+01 
 196    5  6.0393e-08  3.1263e-04  1.1048e+01 
 196    6  1.0801e-08  8.0208e-05  1.9156e+00 
 196    7  3.5525e-09  2.3215e-05  6.0365e-01 
 196    8  1.4146e-09  6.3305e-06  2.5443e-01 
 197    1  3.2002e-04  2.2043e-01  2.7796e+04 
 197    2  1.5536e-04  4.4633e-01  2.7811e+04 
 197    3  4.0485e-07  2.5752e-03  6.9445e+01 
 197    4  1.3610e-07  9.7564e-04  2.4741e+01 
 197    5  4.5940e-08  2.6730e-04  8.0340e+00 
 197    6  1.1174e-08  6.5773e-05  1.8402e+00 
 197    7  4.0235e-09  1.9930e-05  6.1145e-01 
 197    8  2.2749e-09  6.2968e-06  4.0867e-01 
 198    1  3.1302e-04  2.2744e-01  2.7706e+04 
 198    2  1.5439e-04  4.5669e-01  2.7681e+04 
 198    3  5.8419e-07  2.5868e-03  9.0102e+01 
 198    4  2.6725e-07  1.0008e-03  4.7235e+01 
 198    5  8.2324e-08  2.9373e-04  1.4601e+01 
 198    6  1.7052e-08  7.9264e-05  3.0928e+00 
 198    7  2.6127e-09  2.3013e-05  4.7270e-01 
 199    1  3.0837e-04  2.3115e-01  2.7567e+04 
 199    2  1.5332e-04  4.6120e-01  2.7544e+04 
 199    3  4.7381e-07  2.6748e-03  7.3045e+01 
 199    4  2.2305e-07  8.6566e-04  3.8698e+01 
 199    5  6.5617e-08  3.0459e-04  1.1375e+01 
 199    6  1.8517e-08  1.0693e-04  3.2475e+00 
 199    7  9.3548e-09  3.2440e-05  1.6189e+00 
 199    8  2.6980e-09  8.8312e-06  4.7816e-01 
 200    1  3.0675e-04  2.3197e-01  2.7438e+04 
 200    2  1.5240e-04  4.6115e-01  2.7439e+04 
 200    3  3.4076e-07  2.2618e-03  5.5881e+01 
 200    4  2.0048e-07  9.7010e-04  3.5206e+01 
 200    5  7.0249e-08  3.4707e-04  1.2716e+01 
 200    6  1.5728e-08  1.0072e-04  2.5597e+00 
 200    7  6.7588e-09  2.6718e-05  1.2270e+00 
 200    8  1.1264e-09  8.6771e-06  1.8033e-01 
 201    1  3.0767e-04  2.3093e-01  2.7416e+04 
 201    2  1.5230e-04  4.5754e-01  2.7474e+04 
 201    3  1.2207e-06  2.4636e-03  2.2006e+02 
 201    4  1.8568e-07  1.0880e-03  3.0783e+01 
 201    5  1.1991e-07  3.5739e-04  2.1186e+01 
 201    6  2.6591e-08  1.1076e-04  4.7396e+00 
 201    7  6.2238e-09  3.3749e-05  1.1074e+00 
 201    8  1.3885e-09  1.0570e-05  2.5103e-01 
