0.0000e+00  0.0000e+00  0.0000e+00  0.0000e+00
1.0000e-04  4.4342e+00  1.1292e-02  -1.6534e-01
2.0000e-04  7.9211e+00  -3.4918e-02  -1.2846e-01
3.0000e-04  8.3954e+00  -5.3248e-02  -7.3127e-02
4.0000e-04  7.8687e+00  3.7921e-03  -8.4519e-02
5.0000e-04  1.0626e+01  -2.5868e-02  -6.6662e-02
6.0000e-04  1.2050e+01  -3.6656e-02  3.6746e-03
7.0000e-04  1.0991e+01  -2.3153e-02  1.9635e-02
8.0000e-04  1.1228e+01  -8.7457e-02  5.2759e-02
9.0000e-04  1.4411e+01  -1.0360e-01  4.7722e-02
1.0000e-03  1.3093e+01  -2.9929e-02  3.8336e-03
1.1000e-03  1.2622e+01  -1.0362e-01  -3.7289e-03
1.2000e-03  1.4387e+01  -1.2578e-01  2.6890e-02
1.3000e-03  1.4675e+01  -5.0581e-02  1.9301e-02
1.4000e-03  1.3966e+01  -8.8180e-02  3.7061e-02
1.5000e-03  1.4905e+01  -9.0651e-02  6.4260e-02
1.6000e-03  1.5923e+01  -2.7306e-02  9.7930e-02
1.7000e-03  1.5469e+01  2.3557e-02  7.5650e-02
1.8000e-03  1.5069e+01  -8.1912e-02  7.1499e-02
1.9000e-03  1.6214e+01  -1.1339e-01  1.1712e-01
2.0000e-03  1.5661e+01  -7.1021e-02  1.1483e-01
2.1000e-03  1.5843e+01  -1.9250e-01  3.8748e-02
2.2000e-03  1.6011e+01  -1.9987e-01  5.1605e-02
2.3000e-03  1.6715e+01  -1.6690e-01  5.8470e-02
2.4000e-03  1.6418e+01  -1.5877e-01  -2.0668e-02
2.5000e-03  1.6779e+01  -1.9411e-01  -4.4417e-02
2.6000e-03  1.7411e+01  -6.1043e-02  -1.3135e-01
2.7000e-03  1.7380e+01  1.3340e-02  -2.0916e-01
2.8000e-03  1.7644e+01  3.5259e-02  -2.8640e-01
2.9000e-03  1.7922e+01  1.5214e-01  -2.9886e-01
3.0000e-03  1.7909e+01  1.8204e-01  -2.9465e-01
3.1000e-03  1.4845e+01  1.8052e-01  -1.3736e-01
3.2000e-03  1.1696e+01  2.3014e-01  -1.6740e-01
3.3000e-03  1.0921e+01  2.9501e-01  -2.1171e-01
3.4000e-03  1.1114e+01  2.0369e-01  -1.3651e-01
3.5000e-03  8.7344e+00  2.5070e-01  -3.2601e-02
3.6000e-03  6.2032e+00  3.4040e-01  -5.7395e-02
3.7000e-03  6.6174e+00  2.8009e-01  -2.0967e-02
3.8000e-03  5.7935e+00  3.1561e-01  2.4910e-02
3.9000e-03  1.5646e+00  3.8103e-01  8.2340e-02
4.0000e-03  1.5009e+00  2.6911e-01  1.6406e-01
4.1000e-03  1.5818e+00  2.8109e-01  2.1585e-01
4.2000e-03  -5.7719e-01  3.1879e-01  2.1322e-01
4.3000e-03  -1.5627e+00  1.8054e-01  2.2459e-01
4.4000e-03  -6.5369e-01  1.8226e-01  2.4035e-01
4.5000e-03  -1.2322e+00  2.0700e-01  2.4937e-01
4.6000e-03  -2.4230e+00  1.8048e-01  1.5009e-01
4.7000e-03  -2.1100e+00  1.1007e-01  1.3447e-01
4.8000e-03  -1.4361e+00  2.3717e-01  8.7470e-02
4.9000e-03  -2.8880e+00  3.1201e-01  -4.4516e-02
5.0000e-03  -2.4933e+00  1.9956e-01  -9.7371e-02
5.1000e-03  -2.3120e+00  3.1367e-01  -6.2015e-02
5.2000e-03  -2.2303e+00  2.7950e-01  -1.6248e-01
5.3000e-03  -2.9108e+00  1.4041e-01  -2.1969e-01
5.4000e-03  -2.5624e+00  3.2008e-02  -1.8051e-01
5.5000e-03  -2.4817e+00  2.2372e-02  -1.9759e-01
5.6000e-03  -3.2819e+00  -2.0216e-01  -9.4255e-02
5.7000e-03  -3.1777e+00  -3.6267e-01  9.6952e-02
5.8000e-03  -3.1010e+00  -3.9916e-01  3.0044e-01
5.9000e-03  -3.4374e+00  -5.7825e-01  3.9722e-01
6.0000e-03  -3.5606e+00  -6.1406e-01  4.1617e-01
6.1000e-03  -3.3729e+00  -6.1418e-01  3.3318e-01
6.2000e-03  -3.2293e+00  -5.9036e-01  2.1162e-01
6.3000e-03  -3.4485e+00  -6.1238e-01  1.2236e-01
6.4000e-03  -2.9293e+00  -4.7300e-01  4.8406e-02
6.5000e-03  -2.6251e+00  -3.8009e-01  -1.5447e-03
6.6000e-03  -2.2268e+00  -3.7113e-01  4.1098e-02
6.7000e-03  -1.5832e+00  -2.0022e-01  4.1543e-02
6.8000e-03  -4.3220e-01  -1.1646e-01  -7.4787e-03
6.9000e-03  6.6413e-01  -9.8230e-02  -7.8424e-02
7.0000e-03  1.8083e+00  2.1417e-03  -1.8256e-01
7.1000e-03  3.2581e+00  1.2890e-01  -3.3101e-01
7.2000e-03  4.4252e+00  1.2010e-01  -4.7022e-01
7.3000e-03  5.5207e+00  2.2398e-01  -5.7811e-01
7.4000e-03  6.5904e+00  1.9545e-01  -6.9691e-01
7.5000e-03  7.5991e+00  9.2494e-02  -7.3537e-01
7.6000e-03  8.4544e+00  -4.1062e-02  -6.3230e-01
7.7000e-03  9.1529e+00  -1.7847e-01  -4.7804e-01
7.8000e-03  9.8679e+00  -2.9824e-01  -2.3740e-01
7.9000e-03  1.0208e+01  -4.1994e-01  2.1202e-02
8.0000e-03  1.0197e+01  -3.3549e-01  2.5402e-01
8.1000e-03  1.0118e+01  -3.7781e-01  4.4818e-01
8.2000e-03  9.8536e+00  -2.3287e-01  5.9693e-01
8.3000e-03  9.5264e+00  -9.2038e-02  6.7912e-01
8.4000e-03  9.5699e+00  1.9547e-02  7.2607e-01
8.5000e-03  9.6243e+00  1.5288e-01  6.6589e-01
8.6000e-03  9.7933e+00  2.8033e-01  5.2226e-01
8.7000e-03  9.8461e+00  4.1869e-01  2.9506e-01
8.8000e-03  9.8839e+00  4.5020e-01  4.9130e-03
8.9000e-03  9.8746e+00  6.2942e-01  -2.4852e-01
9.0000e-03  9.8183e+00  6.4628e-01  -4.3024e-01
9.1000e-03  1.0006e+01  7.2426e-01  -4.7175e-01
9.2000e-03  1.0202e+01  7.3877e-01  -4.1248e-01
9.3000e-03  1.0381e+01  7.2478e-01  -3.1473e-01
9.4000e-03  1.0682e+01  6.2812e-01  -2.2551e-01
9.5000e-03  1.0793e+01  4.6907e-01  -1.4001e-01
9.6000e-03  1.0922e+01  3.2559e-01  -6.1054e-02
9.7000e-03  1.0900e+01  5.8525e-02  2.8789e-03
9.8000e-03  1.0870e+01  -1.0872e-01  1.2412e-01
9.9000e-03  1.0617e+01  -3.0940e-01  2.5862e-01
1.0000e-02  1.0185e+01  -4.2651e-01  3.9009e-01
1.0100e-02  9.5183e+00  -5.3065e-01  5.2240e-01
1.0200e-02  8.5520e+00  -5.3172e-01  6.5462e-01
1.0300e-02  7.3585e+00  -5.2681e-01  7.1003e-01
1.0400e-02  6.0151e+00  -4.2101e-01  6.7727e-01
1.0500e-02  4.6160e+00  -2.5627e-01  5.9840e-01
1.0600e-02  3.1902e+00  -1.0101e-01  4.0598e-01
1.0700e-02  1.9735e+00  1.2958e-01  1.6133e-01
1.0800e-02  9.2270e-01  2.8632e-01  -1.1038e-01
1.0900e-02  1.2809e-01  4.6129e-01  -3.4914e-01
1.1000e-02  -3.2923e-01  5.0324e-01  -6.1339e-01
1.1100e-02  -5.5030e-01  5.6558e-01  -7.6767e-01
1.1200e-02  -5.1764e-01  4.9256e-01  -8.4405e-01
1.1300e-02  -3.0668e-01  4.0464e-01  -8.5660e-01
1.1400e-02  6.0970e-02  2.9392e-01  -7.3052e-01
1.1500e-02  5.1610e-01  1.0107e-01  -5.8297e-01
1.1600e-02  1.0037e+00  2.6868e-02  -3.7846e-01
1.1700e-02  1.5241e+00  -1.8520e-01  -1.4777e-01
1.1800e-02  1.9395e+00  -3.1902e-01  5.3148e-02
1.1900e-02  2.1979e+00  -4.6864e-01  1.8363e-01
1.2000e-02  2.3383e+00  -5.6273e-01  3.5276e-01
1.2100e-02  2.2518e+00  -7.0395e-01  4.9619e-01
1.2200e-02  2.0407e+00  -7.0244e-01  5.7012e-01
1.2300e-02  1.7795e+00  -6.6840e-01  6.7679e-01
1.2400e-02  1.5108e+00  -6.4234e-01  6.9733e-01
1.2500e-02  1.2724e+00  -4.6772e-01  6.4554e-01
1.2600e-02  1.0874e+00  -3.1749e-01  5.0250e-01
1.2700e-02  9.4967e-01  -1.3077e-01  3.3171e-01
1.2800e-02  8.0198e-01  5.0828e-02  7.4088e-02
1.2900e-02  6.5412e-01  2.9841e-01  -1.8563e-01
1.3000e-02  6.3702e-01  4.2102e-01  -3.8291e-01
1.3100e-02  6.5333e-01  5.3613e-01  -5.5846e-01
1.3200e-02  8.7428e-01  6.3777e-01  -6.3218e-01
1.3300e-02  1.2572e+00  5.9141e-01  -6.2317e-01
1.3400e-02  1.8048e+00  5.5871e-01  -5.1848e-01
1.3500e-02  2.4143e+00  4.6795e-01  -3.8890e-01
1.3600e-02  3.1133e+00  3.8312e-01  -2.0179e-01
1.3700e-02  3.8424e+00  2.4292e-01  -4.4324e-02
1.3800e-02  4.5165e+00  1.7092e-01  7.5933e-02
1.3900e-02  5.2188e+00  3.7483e-02  1.7494e-01
1.4000e-02  5.8673e+00  -1.0738e-01  2.2711e-01
1.4100e-02  6.3822e+00  -2.0010e-01  2.5743e-01
1.4200e-02  6.7040e+00  -3.2456e-01  2.6148e-01
1.4300e-02  6.7811e+00  -3.9004e-01  2.8694e-01
1.4400e-02  6.5117e+00  -3.9371e-01  2.8726e-01
1.4500e-02  5.9254e+00  -3.3223e-01  2.9237e-01
1.4600e-02  5.1221e+00  -2.6310e-01  2.7776e-01
1.4700e-02  4.1966e+00  -7.9410e-02  2.8724e-01
1.4800e-02  3.2003e+00  9.1976e-02  2.6407e-01
1.4900e-02  2.3055e+00  2.0767e-01  2.2618e-01
1.5000e-02  1.4815e+00  3.8658e-01  1.7452e-01
1.5100e-02  7.3400e-01  5.0015e-01  2.1635e-02
1.5200e-02  9.2500e-02  5.1530e-01  -1.4008e-01
1.5300e-02  -4.4500e-01  4.9922e-01  -3.3077e-01
1.5400e-02  -8.6669e-01  4.6608e-01  -5.0874e-01
1.5500e-02  -1.2170e+00  3.3187e-01  -6.5499e-01
1.5600e-02  -1.3996e+00  1.8692e-01  -6.5603e-01
1.5700e-02  -1.5805e+00  8.1212e-02  -5.7186e-01
1.5800e-02  -1.7148e+00  -7.2164e-02  -4.0807e-01
1.5900e-02  -1.8800e+00  -2.0211e-01  -1.4320e-01
1.6000e-02  -2.0659e+00  -3.2608e-01  1.1006e-01
1.6100e-02  -2.3066e+00  -4.3882e-01  3.6718e-01
1.6200e-02  -2.5505e+00  -5.4810e-01  5.5638e-01
1.6300e-02  -2.7401e+00  -6.2605e-01  7.0594e-01
1.6400e-02  -2.9058e+00  -6.7535e-01  7.3798e-01
1.6500e-02  -2.9883e+00  -7.1418e-01  7.2446e-01
1.6600e-02  -3.0365e+00  -6.9615e-01  6.4419e-01
1.6700e-02  -3.0677e+00  -6.6477e-01  4.9670e-01
1.6800e-02  -3.1713e+00  -5.9230e-01  3.4662e-01
1.6900e-02  -3.3189e+00  -5.3416e-01  1.6715e-01
1.7000e-02  -3.5617e+00  -4.1567e-01  -1.4390e-03
1.7100e-02  -3.8574e+00  -3.0884e-01  -1.8395e-01
1.7200e-02  -4.1506e+00  -1.9253e-01  -3.1892e-01
1.7300e-02  -4.3824e+00  -7.0058e-02  -4.8392e-01
1.7400e-02  -4.4776e+00  1.0166e-02  -6.0440e-01
1.7500e-02  -4.4322e+00  4.9883e-02  -7.1725e-01
1.7600e-02  -4.1561e+00  3.7882e-02  -8.0085e-01
1.7700e-02  -3.7308e+00  -2.5530e-02  -8.0435e-01
1.7800e-02  -3.0879e+00  -1.4104e-01  -7.4096e-01
1.7900e-02  -2.3127e+00  -2.6360e-01  -5.4363e-01
1.8000e-02  -1.3672e+00  -3.9198e-01  -3.2040e-01
1.8100e-02  -3.2422e-01  -5.3471e-01  9.1615e-05
1.8200e-02  7.8303e-01  -6.0036e-01  3.1558e-01
1.8300e-02  1.9395e+00  -6.6116e-01  5.8128e-01
1.8400e-02  3.0330e+00  -6.7304e-01  7.6907e-01
1.8500e-02  4.1172e+00  -6.5701e-01  8.5885e-01
1.8600e-02  5.0857e+00  -5.6721e-01  8.5881e-01
1.8700e-02  6.0253e+00  -4.7384e-01  7.4154e-01
1.8800e-02  6.8659e+00  -3.4236e-01  5.9615e-01
1.8900e-02  7.6426e+00  -1.6732e-01  3.6496e-01
1.9000e-02  8.3137e+00  -6.5186e-03  1.1606e-01
1.9100e-02  8.8451e+00  1.9002e-01  -1.6301e-01
1.9200e-02  9.2415e+00  3.7654e-01  -4.3373e-01
1.9300e-02  9.4536e+00  5.8968e-01  -6.9985e-01
1.9400e-02  9.5699e+00  7.5771e-01  -9.2674e-01
1.9500e-02  9.5601e+00  9.3992e-01  -1.0711e+00
1.9600e-02  9.5390e+00  1.0445e+00  -1.1469e+00
1.9700e-02  9.4707e+00  1.0762e+00  -1.1206e+00
1.9800e-02  9.4408e+00  1.0795e+00  -9.6789e-01
1.9900e-02  9.3856e+00  9.8435e-01  -7.1000e-01
2.0000e-02  9.3460e+00  8.7899e-01  -3.8467e-01
2.0100e-02  9.3023e+00  7.2394e-01  1.3452e-02