   1    1  1.2456e-04  0.0000e+00  1.6007e+04 
   1    2  6.8600e-03  1.3058e+00  8.9692e+05 
   1    3  5.4070e-03  1.1102e+00  9.5684e+05 
   1    4  9.2723e-04  6.9518e-01  1.6724e+05 
   1    5  3.0122e-04  4.1783e-01  5.2923e+04 
   1    6  1.2243e-04  2.3038e-01  2.1719e+04 
   1    7  4.5294e-05  1.1960e-01  8.2577e+03 
   1    8  1.5053e-05  5.4644e-02  2.6342e+03 
   1    9  8.4045e-06  2.4844e-02  1.3580e+03 
   1   10  6.9517e-06  1.0628e-02  6.2929e+02 
   1   11  4.6964e-06  4.3119e-03  7.7238e+02 
   1   12  1.3422e-06  1.8917e-03  1.6936e+02 
   1   13  6.9782e-07  8.8322e-04  8.4836e+01 
   1   14  3.8116e-07  2.9872e-04  5.8462e+01 
   1   15  1.4666e-07  1.1393e-04  1.3195e+01 
   1   16  9.1103e-08  6.1749e-05  1.1318e+01 
   1   17  5.2101e-08  3.7417e-05  8.7915e+00 
   1   18  1.5581e-08  1.3904e-05  2.7228e+00 
   1   19  2.8576e-09  5.4146e-06  4.7843e-01 
   1   20  9.8729e-10  2.1836e-06  1.7568e-01 
   2    1  2.9608e-04  2.6259e-01  3.5127e+04 
   2    2  1.8929e-04  5.0309e-01  3.4174e+04 
   2    3  4.7061e-06  2.6781e-02  5.1069e+02 
   2    4  3.4652e-06  5.1020e-03  6.0995e+02 
   2    5  7.5661e-07  2.3662e-03  1.3038e+02 
   2    6  2.0673e-07  8.2202e-04  3.0502e+01 
   2    7  1.1057e-07  3.8315e-04  1.8085e+01 
   2    8  4.1598e-08  1.2467e-04  5.6844e+00 
   2    9  2.1503e-08  5.5634e-05  3.3114e+00 
   2   10  9.2657e-09  2.0803e-05  1.5071e+00 
   2   11  3.6925e-09  7.5699e-06  6.4663e-01 
   2   12  9.8530e-10  2.6239e-06  1.7496e-01 
   3    1  3.6643e-04  2.7897e-01  4.0920e+04 
   3    2  2.2858e-04  5.5405e-01  4.1257e+04 
   3    3  5.6020e-06  2.0786e-02  1.0498e+03 
   3    4  8.8294e-07  5.3134e-03  1.5223e+02 
   3    5  3.6795e-07  2.1218e-03  5.8585e+01 
   3    6  1.5686e-07  7.2370e-04  2.6246e+01 
   3    7  6.5864e-08  2.3774e-04  1.1805e+01 
   3    8  1.3857e-08  8.2120e-05  2.2983e+00 
   3    9  6.8296e-09  3.5295e-05  1.1954e+00 
   3   10  2.0604e-09  1.2530e-05  3.2929e-01 
   4    1  3.9285e-04  2.9062e-01  4.3319e+04 
   4    2  2.4502e-04  5.3149e-01  4.4144e+04 
   4    3  1.2453e-05  3.6214e-02  2.1720e+03 
   4    4  2.7853e-06  9.4285e-03  3.6650e+02 
   4    5  1.7510e-06  3.7457e-03  3.0900e+02 
   4    6  3.2735e-07  1.0847e-03  5.8507e+01 
   4    7  5.6211e-08  3.3587e-04  9.6248e+00 
   4    8  2.2021e-08  1.2105e-04  3.8587e+00 
   4    9  6.1524e-09  3.9001e-05  1.0796e+00 
   4   10  1.9862e-09  1.0713e-05  2.3912e-01 
   5    1  4.0017e-04  2.7861e-01  4.3372e+04 
   5    2  2.3738e-04  4.9962e-01  4.2687e+04 
   5    3  7.8104e-06  3.2455e-02  1.1330e+03 
   5    4  4.2151e-06  9.8762e-03  7.4118e+02 
   5    5  8.9742e-07  2.6445e-03  1.5824e+02 
   5    6  1.2186e-07  7.0545e-04  2.0470e+01 
   5    7  6.9399e-08  2.1860e-04  1.1974e+01 
   5    8  1.5135e-08  5.2874e-05  1.6563e+00 
   5    9  1.0810e-08  1.8628e-05  1.8974e+00 
   5   10  2.2008e-09  5.3165e-06  3.9280e-01 
   6    1  4.0949e-04  2.6724e-01  4.2256e+04 
   6    2  2.2469e-04  4.7933e-01  4.0329e+04 
   6    3  1.3970e-05  2.9440e-02  2.4911e+03 
   6    4  8.1261e-07  7.5947e-03  1.2385e+02 
   6    5  4.1972e-07  2.1856e-03  7.0644e+01 
   6    6  1.6066e-07  6.4952e-04  2.8671e+01 
   6    7  2.2483e-08  1.6690e-04  3.1128e+00 
   6    8  1.3402e-08  4.6561e-05  2.3308e+00 
   6    9  3.2569e-09  1.4141e-05  5.8037e-01 
   7    1  4.1419e-04  2.5019e-01  4.2353e+04 
   7    2  2.6296e-04  4.6910e-01  4.6902e+04 
   7    3  3.6747e-05  6.1920e-02  6.5189e+03 
   7    4  5.0497e-06  9.3835e-03  8.8077e+02 
   7    5  1.1619e-06  2.4872e-03  2.0766e+02 
   7    6  6.7451e-08  5.6545e-04  1.0324e+01 
   7    7  3.8188e-08  1.7763e-04  6.7163e+00 
   7    8  8.7908e-09  4.8169e-05  1.5885e+00 
   7    9  1.4147e-09  1.1933e-05  2.2356e-01 
   8    1  4.1161e-04  2.4924e-01  4.1883e+04 
   8    2  2.2041e-04  4.7316e-01  3.9498e+04 
   8    3  1.3527e-05  2.3626e-02  2.4216e+03 
   8    4  1.1077e-06  6.5191e-03  1.9808e+02 
   8    5  2.7514e-07  1.7475e-03  4.8079e+01 
   8    6  6.2293e-08  4.5409e-04  9.1749e+00 
   8    7  3.3324e-08  1.2616e-04  5.7908e+00 
   8    8  8.5523e-09  3.9841e-05  1.5353e+00 
   8    9  1.0144e-09  1.0275e-05  1.8028e-01 
   9    1  4.1223e-04  2.5584e-01  4.0718e+04 
   9    2  2.3284e-04  4.7155e-01  4.1719e+04 
   9    3  1.0707e-05  2.9761e-02  1.8256e+03 
   9    4  3.3129e-06  6.6491e-03  5.9069e+02 
   9    5  3.8550e-07  1.7591e-03  6.6290e+01 
   9    6  1.2429e-07  4.5563e-04  2.2277e+01 
   9    7  2.4936e-08  1.2896e-04  4.1115e+00 
   9    8  8.4477e-09  3.3398e-05  1.3461e+00 
   9    9  3.6898e-09  9.9292e-06  6.5484e-01 
  10    1  4.1268e-04  2.4352e-01  4.0272e+04 
  10    2  2.3420e-04  4.5914e-01  4.1915e+04 
  10    3  1.4002e-05  4.4351e-02  2.4803e+03 
  10    4  2.0306e-06  4.9989e-03  3.4895e+02 
  10    5  4.8726e-07  1.4756e-03  8.5706e+01 
  10    6  9.1142e-08  3.8850e-04  1.6357e+01 
  10    7  1.4709e-08  1.1345e-04  2.6547e+00 
  10    8  2.8773e-09  3.1064e-05  5.2628e-01 
  11    1  4.0682e-04  2.4044e-01  4.0013e+04 
  11    2  2.2333e-04  4.6369e-01  3.9988e+04 
  11    3  6.9814e-06  3.3546e-02  1.1033e+03 
  11    4  3.1939e-06  6.3189e-03  5.6864e+02 
  11    5  3.6115e-07  1.2852e-03  6.3392e+01 
  11    6  6.5318e-08  3.7349e-04  1.1007e+01 
  11    7  2.8350e-08  1.0334e-04  5.0693e+00 
  11    8  3.0643e-09  2.3417e-05  3.4339e-01 
  12    1  4.0212e-04  2.4614e-01  3.8872e+04 
  12    2  2.1831e-04  4.6516e-01  3.9055e+04 
  12    3  7.9121e-06  3.9468e-02  1.2205e+03 
  12    4  4.5627e-06  1.8620e-02  7.8777e+02 
  12    5  1.3905e-06  6.6297e-03  2.3967e+02 
  12    6  5.7034e-07  2.1130e-03  9.8076e+01 
  12    7  2.6447e-07  9.0323e-04  4.3378e+01 
  12    8  1.0101e-07  3.7781e-04  1.7567e+01 
  12    9  3.6402e-08  1.1136e-04  6.3279e+00 
  12   10  8.9357e-09  3.6206e-05  1.5104e+00 
  12   11  4.7446e-09  1.4738e-05  8.1722e-01 
  12   12  1.8778e-09  3.4622e-06  3.2706e-01 
  13    1  3.9961e-04  2.4067e-01  3.8154e+04 
  13    2  2.1885e-04  4.6956e-01  3.9115e+04 
  13    3  8.5216e-06  3.7639e-02  1.4412e+03 
  13    4  3.2459e-06  1.6974e-02  5.5041e+02 
  13    5  1.2150e-06  6.4422e-03  2.0428e+02 
  13    6  5.2735e-07  2.1112e-03  8.6006e+01 
  13    7  2.6512e-07  9.9214e-04  4.7908e+01 
  13    8  4.3736e-08  2.6706e-04  6.0954e+00 
  13    9  2.5459e-08  9.3572e-05  4.3668e+00 
  13   10  8.3865e-09  2.7456e-05  1.4449e+00 
  13   11  1.9703e-09  9.6278e-06  3.0766e-01 
  14    1  3.9302e-04  2.4349e-01  3.7808e+04 
  14    2  2.2608e-04  4.7264e-01  4.0310e+04 
  14    3  1.4877e-05  4.0808e-02  2.6430e+03 
  14    4  3.2230e-06  1.2446e-02  5.5497e+02 
  14    5  7.9366e-07  4.2182e-03  1.4055e+02 
  14    6  2.3317e-07  1.3239e-03  3.6550e+01 
  14    7  1.1121e-07  4.5095e-04  1.7234e+01 
  14    8  4.7397e-08  1.9336e-04  7.2217e+00 
  14    9  2.3851e-08  5.6795e-05  4.2622e+00 
  14   10  3.0027e-09  1.6944e-05  4.9656e-01 
  15    1  3.8586e-04  2.4423e-01  3.6925e+04 
  15    2  2.0361e-04  4.6577e-01  3.6324e+04 
  15    3  3.8670e-06  2.9638e-02  6.3659e+02 
  15    4  1.7716e-06  1.0281e-02  2.8016e+02 
  15    5  8.8498e-07  3.7710e-03  1.6106e+02 
  15    6  1.4302e-07  1.0020e-03  2.4070e+01 
  15    7  6.0114e-08  3.5175e-04  9.9558e+00 
  15    8  2.3684e-08  1.2604e-04  4.1339e+00 
  15    9  7.2581e-09  3.5399e-05  1.3160e+00 
  15   10  1.0358e-09  9.8003e-06  1.8457e-01 
  16    1  3.8226e-04  2.4160e-01  3.5859e+04 
  16    2  1.8057e-04  4.6893e-01  3.1947e+04 
  16    3  2.1914e-05  3.8052e-02  3.9093e+03 
  16    4  1.1631e-06  9.9319e-03  2.0397e+02 
  16    5  3.8001e-07  2.9303e-03  5.8796e+01 
  16    6  1.7353e-07  8.6216e-04  2.6005e+01 
  16    7  7.7665e-08  2.5042e-04  1.2919e+01 
  16    8  2.3211e-08  7.8611e-05  3.9688e+00 
  16    9  5.6347e-09  2.2131e-05  8.9937e-01 
  16   10  2.3133e-09  6.1795e-06  4.0214e-01 
  17    1  3.7776e-04  2.4091e-01  3.5440e+04 
  17    2  2.0368e-04  4.7585e-01  3.6256e+04 
  17    3  1.2302e-05  3.3564e-02  2.0872e+03 
  17    4  3.5220e-06  1.0153e-02  5.6926e+02 
  17    5  1.4328e-06  2.5409e-03  2.5774e+02 
  17    6  1.0401e-07  7.3632e-04  1.8545e+01 
  17    7  2.3256e-08  2.1061e-04  4.2049e+00 
  17    8  5.4837e-09  5.0913e-05  9.7754e-01 
  17    9  1.5439e-09  1.5541e-05  2.7387e-01 
  18    1  3.7224e-04  2.5119e-01  3.4814e+04 
  18    2  1.7507e-04  4.8294e-01  3.0940e+04 
  18    3  1.7500e-05  3.3283e-02  3.0800e+03 
  18    4  3.3069e-06  1.1345e-02  5.8708e+02 
  18    5  4.3624e-07  2.9772e-03  7.6644e+01 
  18    6  9.4567e-08  8.4216e-04  1.6899e+01 
  18    7  3.2599e-08  2.1120e-04  6.0147e+00 
  18    8  7.1852e-09  6.0309e-05  1.2699e+00 
  18    9  1.9051e-09  1.5637e-05  3.2045e-01 
  19    1  3.6954e-04  2.4746e-01  3.3815e+04 
  19    2  1.8643e-04  4.7607e-01  3.3194e+04 
  19    3  4.3420e-06  2.7109e-02  7.4292e+02 
  19    4  1.5652e-06  6.8502e-03  2.6716e+02 
  19    5  4.2624e-07  2.2379e-03  7.4673e+01 
  19    6  8.5482e-08  6.2666e-04  1.5814e+01 
  19    7  1.8425e-08  1.6235e-04  3.3230e+00 
  19    8  4.5718e-09  4.1116e-05  7.7820e-01 
  19    9  1.8256e-09  1.1351e-05  3.2053e-01 
  20    1  3.6703e-04  2.4241e-01  3.3186e+04 
  20    2  1.9107e-04  4.7823e-01  3.3916e+04 
  20    3  7.2762e-06  2.7857e-02  1.2861e+03 
  20    4  7.9809e-07  7.9586e-03  1.4066e+02 
  20    5  2.6551e-07  2.1309e-03  4.7345e+01 
  20    6  6.7388e-08  6.0922e-04  1.1548e+01 
  20    7  2.4458e-08  1.6964e-04  4.1484e+00 
  20    8  8.8011e-09  4.4941e-05  1.5427e+00 
  20    9  2.0462e-09  1.1679e-05  3.5660e-01 
  21    1  3.6241e-04  2.4866e-01  3.2634e+04 
  21    2  1.9546e-04  4.8437e-01  3.4593e+04 
  21    3  1.1840e-05  3.1121e-02  2.0554e+03 
  21    4  3.6728e-06  9.8980e-03  6.3891e+02 
  21    5  8.5210e-07  2.6612e-03  1.4996e+02 
  21    6  1.6866e-07  7.2428e-04  3.0118e+01 
  21    7  2.7781e-08  1.9401e-04  4.9374e+00 
  21    8  7.0555e-09  5.1486e-05  1.2911e+00 
  21    9  1.5413e-09  1.2514e-05  2.8511e-01 
  22    1  3.5924e-04  2.4787e-01  3.1639e+04 
  22    2  1.7876e-04  4.7686e-01  3.1649e+04 
  22    3  3.2382e-06  3.0325e-02  5.6577e+02 
  22    4  8.6741e-07  9.1104e-03  1.5495e+02 
  22    5  2.7108e-07  2.5045e-03  4.5506e+01 
  22    6  1.0319e-07  6.3243e-04  1.7422e+01 
  22    7  3.2257e-08  1.6043e-04  3.8467e+00 
  22    8  1.8200e-08  3.8222e-05  2.7317e+00 
  22    9  7.6939e-09  1.1634e-05  1.2321e+00 
  22   10  2.6320e-09  3.6413e-06  4.2932e-01 
  23    1  3.5789e-04  2.4073e-01  3.0760e+04 
  23    2  1.7567e-04  4.7429e-01  3.1119e+04 
  23    3  6.3753e-06  2.8880e-02  1.0766e+03 
  23    4  2.5339e-06  9.9199e-03  4.2620e+02 
  23    5  9.0399e-07  4.0132e-03  1.4241e+02 
  23    6  4.1077e-07  1.5048e-03  6.7348e+01 
  23    7  1.4789e-07  5.5372e-04  2.5297e+01 
  23    8  4.0350e-08  1.7502e-04  7.0709e+00 
  23    9  1.9138e-08  5.9837e-05  3.1145e+00 
  23   10  8.6558e-09  1.9919e-05  1.5658e+00 
  23   11  8.3308e-10  5.6032e-06  1.4236e-01 
  24    1  3.5542e-04  2.4498e-01  3.0314e+04 
  24    2  1.6828e-04  4.8191e-01  2.9807e+04 
  24    3  7.8202e-06  3.2931e-02  1.0239e+03 
  24    4  4.6459e-06  1.7189e-02  7.4197e+02 
  24    5  2.1042e-06  5.7913e-03  3.7484e+02 
  24    6  3.1916e-07  1.8245e-03  5.6606e+01 
  24    7  1.0860e-07  6.4046e-04  1.8565e+01 
  24    8  4.0891e-08  2.3203e-04  6.7913e+00 
  24    9  1.8692e-08  7.5003e-05  3.2507e+00 
  24   10  4.1482e-09  2.8331e-05  7.4329e-01 
  24   11  1.0137e-09  7.3660e-06  1.8197e-01 
  25    1  3.5316e-04  2.4765e-01  2.9631e+04 
  25    2  1.5931e-04  4.7761e-01  2.8267e+04 
  25    3  6.2509e-06  2.9233e-02  9.2235e+02 
  25    4  3.4019e-06  1.2785e-02  5.8596e+02 
  25    5  1.0242e-06  4.7726e-03  1.8687e+02 
  25    6  1.7285e-07  1.2955e-03  3.0528e+01 
  25    7  7.0050e-08  4.1017e-04  1.2146e+01 
  25    8  2.5878e-08  1.4388e-04  4.5763e+00 
  25    9  6.4066e-09  4.2214e-05  1.1549e+00 
  25   10  1.4608e-09  1.1323e-05  2.6707e-01 
  26    1  3.5264e-04  2.4094e-01  2.8799e+04 
  26    2  1.5502e-04  4.6725e-01  2.7567e+04 
  26    3  6.1161e-06  2.7866e-02  1.0173e+03 
  26    4  2.0493e-06  9.2871e-03  3.5839e+02 
  26    5  5.0401e-07  3.2653e-03  8.0454e+01 
  26    6  2.1843e-07  9.3286e-04  3.3658e+01 
  26    7  9.3971e-08  2.7800e-04  1.5533e+01 
  26    8  3.4485e-08  1.0448e-04  6.1085e+00 
  26    9  6.4968e-09  3.8533e-05  1.1689e+00 
  26   10  1.7311e-09  1.1018e-05  3.0036e-01 
  27    1  3.5125e-04  2.3701e-01  2.8312e+04 
  27    2  1.4890e-04  4.6717e-01  2.6507e+04 
  27    3  7.6276e-06  2.6030e-02  1.2145e+03 
  27    4  2.7846e-06  8.3549e-03  4.5734e+02 
  27    5  8.8919e-07  2.1165e-03  1.4781e+02 
  27    6  2.5078e-07  6.2166e-04  3.9683e+01 
  27    7  1.0080e-07  2.0678e-04  1.7629e+01 
  27    8  1.9852e-08  5.8311e-05  3.5282e+00 
  27    9  2.5264e-09  1.5655e-05  4.3972e-01 
  28    1  3.4880e-04  2.4065e-01  2.7851e+04 
  28    2  1.4564e-04  4.6806e-01  2.6044e+04 
  28    3  8.7273e-06  2.4841e-02  1.4678e+03 
  28    4  1.9553e-06  7.5616e-03  2.7440e+02 
  28    5  9.4950e-07  2.1460e-03  1.4848e+02 
  28    6  3.9411e-07  6.8357e-04  6.8238e+01 
  28    7  8.3098e-08  2.0086e-04  1.4562e+01 
  28    8  1.6904e-08  4.6660e-05  3.0132e+00 
  28    9  1.7869e-09  1.1341e-05  3.2237e-01 
  29    1  3.4761e-04  2.3791e-01  2.7057e+04 
  29    2  1.4699e-04  4.6250e-01  2.6372e+04 
  29    3  3.8714e-06  2.6543e-02  5.5986e+02 
  29    4  1.8432e-06  8.5739e-03  2.7931e+02 
  29    5  9.1323e-07  2.1906e-03  1.6079e+02 
  29    6  1.3729e-07  5.5634e-04  2.3702e+01 
  29    7  3.5910e-08  1.4773e-04  6.3037e+00 
  29    8  5.8276e-09  4.0374e-05  9.8560e-01 
  29    9  2.5024e-09  1.0422e-05  4.4577e-01 
  30    1  3.4628e-04  2.3428e-01  2.6454e+04 
  30    2  1.5074e-04  4.6447e-01  2.7038e+04 
  30    3  4.1507e-06  2.4846e-02  6.6926e+02 
  30    4  1.7735e-06  7.1606e-03  3.1646e+02 
  30    5  3.2807e-07  1.7134e-03  5.8714e+01 
  30    6  5.7512e-08  4.8761e-04  1.0579e+01 
  30    7  1.3956e-08  1.3506e-04  2.5414e+00 
  30    8  5.1720e-09  4.1062e-05  9.1003e-01 
  30    9  1.6446e-09  1.1961e-05  2.5063e-01 
  31    1  3.0450e-04  2.3888e-01  2.3190e+04 
  31    2  1.2337e-04  5.8752e-01  2.2053e+04 
  31    3  1.7199e-05  1.5162e-01  2.9319e+03 
  31    4  6.4682e-06  3.0384e-02  1.0548e+03 
  31    5  2.8560e-06  9.8288e-03  5.1757e+02 
  31    6  2.9973e-07  2.4487e-03  5.3396e+01 
  31    7  8.2760e-08  6.1956e-04  1.4612e+01 
  31    8  2.3287e-08  1.4132e-04  3.4620e+00 
  31    9  1.0532e-08  4.0839e-05  1.7007e+00 
  31   10  3.8119e-09  1.3123e-05  6.4722e-01 
  31   11  1.0772e-09  3.3238e-06  1.8162e-01 
  32    1  3.4130e-04  3.5765e-01  3.2940e+04 
  32    2  1.8044e-04  6.7932e-01  3.2568e+04 
  32    3  1.2428e-05  6.3404e-02  2.2358e+03 
  32    4  3.4004e-06  2.0175e-02  5.9566e+02 
  32    5  7.6738e-07  5.4741e-03  1.3270e+02 
  32    6  2.9590e-07  1.5426e-03  5.3358e+01 
  32    7  5.0430e-08  4.3409e-04  7.9049e+00 
  32    8  2.4060e-08  1.0160e-04  4.0721e+00 
  32    9  8.9037e-09  2.7500e-05  1.5402e+00 
  32   10  1.6768e-09  7.8304e-06  2.6025e-01 
  33    1  3.9105e-04  3.6108e-01  3.7581e+04 
  33    2  2.1412e-04  7.2223e-01  3.8527e+04 
  33    3  8.8623e-06  4.9260e-02  1.4261e+03 
  33    4  3.4501e-06  1.8063e-02  5.2085e+02 
  33    5  1.6729e-06  4.3071e-03  2.9146e+02 
  33    6  4.1594e-07  1.1004e-03  7.3143e+01 
  33    7  6.4138e-08  3.1722e-04  1.1685e+01 
  33    8  7.2393e-09  7.5059e-05  1.2015e+00 
  33    9  3.0712e-09  2.0590e-05  5.3606e-01 
  34    1  4.1757e-04  3.7431e-01  4.0652e+04 
  34    2  2.2880e-04  7.0739e-01  4.1016e+04 
  34    3  1.0453e-05  5.7292e-02  1.7816e+03 
  34    4  4.1785e-06  2.4260e-02  7.6342e+02 
  34    5  1.4011e-06  7.8819e-03  2.4303e+02 
  34    6  6.2512e-07  2.9794e-03  1.0622e+02 
  34    7  2.4087e-07  8.9974e-04  4.3024e+01 
  34    8  3.7026e-08  2.5123e-04  6.2127e+00 
  34    9  1.9475e-08  8.4552e-05  3.4850e+00 
  34   10  4.7899e-09  2.6887e-05  8.6425e-01 
  34   11  9.3763e-10  6.8226e-06  1.1958e-01 
  35    1  4.2793e-04  3.6389e-01  4.1560e+04 
  35    2  2.3451e-04  6.7460e-01  4.1813e+04 
  35    3  9.3000e-06  5.2763e-02  1.4701e+03 
  35    4  4.5286e-06  1.9829e-02  7.6525e+02 
  35    5  1.6408e-06  7.8277e-03  2.7884e+02 
  35    6  5.7261e-07  2.6435e-03  9.7538e+01 
  35    7  2.0289e-07  1.0248e-03  3.5835e+01 
  35    8  5.7587e-08  3.7728e-04  1.0352e+01 
  35    9  1.8233e-08  1.0950e-04  2.6240e+00 
  35   10  9.6515e-09  3.9506e-05  1.6349e+00 
  35   11  3.7437e-09  1.3233e-05  6.7503e-01 
  36    1  4.4061e-04  3.5009e-01  4.1073e+04 
  36    2  2.2555e-04  6.4832e-01  4.0053e+04 
  36    3  1.4834e-05  5.5659e-02  2.6426e+03 
  36    4  3.4704e-06  2.1691e-02  6.0234e+02 
  36    5  1.2054e-06  6.0228e-03  2.0756e+02 
  36    6  3.4831e-07  1.8874e-03  6.1954e+01 
  36    7  7.5972e-08  4.4419e-04  1.0107e+01 
  36    8  4.4606e-08  1.5106e-04  6.8775e+00 
  36    9  1.8568e-08  6.2694e-05  3.0704e+00 
  36   10  6.0132e-09  1.6770e-05  9.9618e-01 
  36   11  1.6869e-09  4.2950e-06  2.8043e-01 
  37    1  4.4984e-04  3.3245e-01  4.1536e+04 
  37    2  2.3091e-04  6.4027e-01  4.0963e+04 
  37    3  1.3667e-05  6.1182e-02  2.3255e+03 
  37    4  4.4025e-06  2.5335e-02  7.8946e+02 
  37    5  8.8227e-07  7.2789e-03  1.6094e+02 
  37    6  2.6003e-07  2.0018e-03  4.3330e+01 
  37    7  1.1956e-07  6.5273e-04  2.1617e+01 
  37    8  2.9775e-08  1.9800e-04  4.9698e+00 
  37    9  1.2548e-08  6.9230e-05  2.1087e+00 
  37   10  4.8589e-09  2.4118e-05  8.3981e-01 
  37   11  1.3508e-09  7.5724e-06  2.2018e-01 
  38    1  4.5151e-04  3.3083e-01  4.2111e+04 
  38    2  2.3134e-04  6.3701e-01  4.0900e+04 
  38    3  1.2298e-05  5.1803e-02  2.0876e+03 
  38    4  3.7695e-06  1.5935e-02  6.0212e+02 
  38    5  1.6455e-06  4.5803e-03  2.9633e+02 
  38    6  1.9694e-07  1.4113e-03  3.3697e+01 
  38    7  7.8144e-08  3.8633e-04  1.3799e+01 
  38    8  1.0203e-08  1.0703e-04  1.8835e+00 
  38    9  2.9672e-09  2.9371e-05  5.4035e-01 
  39    1  4.5491e-04  3.3416e-01  4.1670e+04 
  39    2  2.2683e-04  6.3440e-01  3.9991e+04 
  39    3  2.8195e-05  5.7461e-02  4.8541e+03 
  39    4  6.9031e-06  1.5450e-02  1.2082e+03 
  39    5  6.5326e-07  4.1420e-03  1.0649e+02 
  39    6  2.9731e-07  1.1256e-03  5.2051e+01 
  39    7  5.1623e-08  3.5108e-04  9.2434e+00 
  39    8  1.3893e-08  8.3205e-05  2.5330e+00 
  39    9  2.8529e-09  2.3753e-05  4.8637e-01 
  40    1  4.5896e-04  3.1808e-01  4.1669e+04 
  40    2  2.3012e-04  6.1462e-01  4.0551e+04 
  40    3  1.6017e-05  5.2779e-02  2.8649e+03 
  40    4  3.2197e-06  1.6882e-02  5.7303e+02 
  40    5  5.3130e-07  3.9292e-03  9.3524e+01 
  40    6  2.2251e-07  1.0834e-03  4.0398e+01 
  40    7  5.1317e-08  2.8301e-04  9.1060e+00 
  40    8  1.5095e-08  7.3002e-05  2.7657e+00 
  40    9  2.4494e-09  1.8585e-05  4.4378e-01 
  41    1  4.5729e-04  3.1518e-01  4.2181e+04 
  41    2  2.4156e-04  6.1920e-01  4.2597e+04 
  41    3  9.9689e-06  5.3186e-02  1.5286e+03 
  41    4  4.8628e-06  1.6023e-02  8.6619e+02 
  41    5  5.0839e-07  3.8913e-03  8.7860e+01 
  41    6  1.6562e-07  1.1044e-03  2.9852e+01 
  41    7  2.5519e-08  2.6931e-04  4.6724e+00 
  41    8  8.6275e-09  7.6197e-05  1.5094e+00 
  41    9  2.6685e-09  2.3670e-05  4.5408e-01 
  42    1  4.5554e-04  3.2534e-01  4.2055e+04 
  42    2  2.2691e-04  6.3200e-01  3.9970e+04 
  42    3  1.2234e-05  4.9391e-02  2.0437e+03 
  42    4  4.1805e-06  1.6218e-02  7.6813e+02 
  42    5  5.9903e-07  4.6387e-03  1.0653e+02 
  42    6  2.1174e-07  1.1209e-03  3.6257e+01 
  42    7  5.5178e-08  3.1192e-04  1.0045e+01 
  42    8  7.7971e-09  8.3227e-05  1.4473e+00 
  42    9  2.2459e-09  2.2641e-05  4.1200e-01 
  43    1  4.5647e-04  3.2498e-01  4.1783e+04 
  43    2  2.5148e-04  6.4090e-01  4.4201e+04 
  43    3  2.0143e-05  4.4431e-02  3.5937e+03 
  43    4  2.1503e-06  1.3868e-02  2.9290e+02 
  43    5  1.5818e-06  4.1526e-03  2.8254e+02 
  43    6  1.2631e-07  1.0380e-03  2.3151e+01 
  43    7  2.7548e-08  2.4934e-04  4.4531e+00 
  43    8  1.1227e-08  6.6599e-05  1.6814e+00 
  43    9  5.5180e-09  1.8259e-05  9.5354e-01 
  43   10  1.3380e-09  4.9716e-06  2.3499e-01 
  44    1  4.5450e-04  3.2898e-01  4.2064e+04 
  44    2  2.5724e-04  6.4912e-01  4.5093e+04 
  44    3  2.0491e-05  5.2905e-02  3.5960e+03 
  44    4  2.4130e-06  1.6977e-02  4.3967e+02 
  44    5  9.5085e-07  5.0190e-03  1.5367e+02 
  44    6  3.6453e-07  1.3020e-03  6.1924e+01 
  44    7  1.0447e-07  3.3961e-04  1.8806e+01 
  44    8  1.3950e-08  8.7537e-05  2.0061e+00 
  44    9  6.2228e-09  2.1555e-05  8.4540e-01 
  44   10  3.4065e-09  6.5775e-06  5.8361e-01 
  45    1  4.5086e-04  3.3296e-01  4.2077e+04 
  45    2  2.3754e-04  6.4735e-01  4.1679e+04 
  45    3  1.2844e-05  5.5860e-02  2.2012e+03 
  45    4  6.0947e-06  2.2326e-02  1.0768e+03 
  45    5  1.4400e-06  7.1954e-03  2.4777e+02 
  45    6  5.6906e-07  2.5402e-03  9.9962e+01 
  45    7  1.6522e-07  9.7860e-04  2.9673e+01 
  45    8  4.5044e-08  3.1050e-04  8.1556e+00 
  45    9  1.1428e-08  8.8753e-05  2.1039e+00 
  45   10  3.4027e-09  2.5176e-05  5.7083e-01 
  46    1  4.5041e-04  3.3096e-01  4.1634e+04 
  46    2  2.2865e-04  6.4751e-01  3.9992e+04 
  46    3  1.3042e-05  4.6595e-02  2.1808e+03 
  46    4  4.9056e-06  2.2622e-02  8.2590e+02 
  46    5  1.6921e-06  7.9065e-03  2.8715e+02 
  46    6  5.4070e-07  2.6003e-03  9.2978e+01 
  46    7  1.8611e-07  8.3596e-04  3.1420e+01 
  46    8  6.5924e-08  3.5616e-04  1.1483e+01 
  46    9  1.8064e-08  1.2809e-04  3.1750e+00 
  46   10  6.9615e-09  3.4565e-05  1.2366e+00 
  46   11  1.4838e-09  9.6727e-06  2.6824e-01 
  47    1  4.5056e-04  3.3065e-01  4.1608e+04 
  47    2  2.3765e-04  6.5621e-01  4.1512e+04 
  47    3  1.0431e-05  5.2775e-02  1.8133e+03 
  47    4  3.6981e-06  1.9826e-02  5.9031e+02 
  47    5  1.6462e-06  7.3355e-03  2.8526e+02 
  47    6  5.0823e-07  2.4555e-03  8.0613e+01 
  47    7  2.0754e-07  8.4377e-04  3.5447e+01 
  47    8  5.6357e-08  2.1645e-04  9.8213e+00 
  47    9  1.2802e-08  5.9533e-05  2.0485e+00 
  47   10  4.8610e-09  1.5964e-05  8.2170e-01 
  47   11  1.3787e-09  4.8313e-06  2.3447e-01 
  48    1  4.4928e-04  3.3996e-01  4.1852e+04 
  48    2  2.2559e-04  6.6449e-01  3.9279e+04 
  48    3  1.5064e-05  4.8411e-02  2.5595e+03 
  48    4  4.0195e-06  1.9625e-02  7.1435e+02 
  48    5  9.6658e-07  6.0651e-03  1.7126e+02 
  48    6  3.7000e-07  2.2390e-03  6.6214e+01 
  48    7  1.0283e-07  6.8988e-04  1.6102e+01 
  48    8  4.3961e-08  1.9815e-04  6.4522e+00 
  48    9  2.4159e-08  6.4294e-05  4.2924e+00 
  48   10  3.2387e-09  1.6787e-05  5.7160e-01 
  49    1  4.4957e-04  3.3988e-01  4.1636e+04 
  49    2  2.3407e-04  6.5984e-01  4.0776e+04 
  49    3  7.0039e-06  4.2096e-02  1.2259e+03 
  49    4  2.0095e-06  1.3356e-02  3.6200e+02 
  49    5  5.3831e-07  3.5851e-03  9.8342e+01 
  49    6  1.5661e-07  9.8093e-04  2.7216e+01 
  49    7  6.3579e-08  2.6955e-04  1.1385e+01 
  49    8  1.4767e-08  6.9942e-05  2.6477e+00 
  49    9  3.2071e-09  2.0630e-05  4.9632e-01 
  50    1  4.5068e-04  3.3207e-01  4.1477e+04 
  50    2  2.4887e-04  6.5019e-01  4.3231e+04 
  50    3  1.1336e-05  4.2668e-02  1.9818e+03 
  50    4  1.7460e-06  1.4669e-02  3.0713e+02 
  50    5  7.5891e-07  3.3912e-03  1.3349e+02 
  50    6  1.7011e-07  9.3729e-04  2.9900e+01 
  50    7  3.5133e-08  2.7243e-04  6.3338e+00 
  50    8  1.0275e-08  6.5261e-05  1.7623e+00 
  50    9  2.9569e-09  1.9358e-05  4.3414e-01 
  51    1  4.4962e-04  3.3103e-01  4.1588e+04 
  51    2  2.3681e-04  6.4819e-01  4.0986e+04 
  51    3  1.5741e-05  4.5546e-02  2.7538e+03 
  51    4  5.1265e-06  1.6846e-02  9.4744e+02 
  51    5  5.0344e-07  4.2333e-03  8.3494e+01 
  51    6  2.2122e-07  1.2511e-03  3.8211e+01 
  51    7  5.0646e-08  3.3683e-04  7.8631e+00 
  51    8  2.2629e-08  1.0044e-04  3.8016e+00 
  51    9  6.7664e-09  2.9922e-05  1.0607e+00 
  51   10  2.6733e-09  6.9050e-06  4.6443e-01 
  52    1  4.4867e-04  3.2610e-01  4.1405e+04 
  52    2  2.3725e-04  6.3324e-01  4.0997e+04 
  52    3  6.9048e-06  3.6895e-02  1.1255e+03 
  52    4  3.1547e-06  1.3850e-02  5.7838e+02 
  52    5  4.9083e-07  3.5703e-03  8.5850e+01 
  52    6  1.2187e-07  1.0533e-03  2.0800e+01 
  52    7  4.1756e-08  2.7542e-04  6.6567e+00 
  52    8  1.9631e-08  7.5340e-05  3.4136e+00 
  52    9  3.5647e-09  2.0777e-05  6.0464e-01 
  53    1  4.5044e-04  3.1814e-01  4.1027e+04 
  53    2  2.2884e-04  6.2749e-01  3.9385e+04 
  53    3  1.1615e-05  3.6476e-02  2.0552e+03 
  53    4  2.6655e-06  1.1848e-02  4.6841e+02 
  53    5  3.2391e-07  2.8943e-03  5.4489e+01 
  53    6  1.8637e-07  8.6506e-04  3.3129e+01 
  53    7  3.6682e-08  2.5134e-04  6.4132e+00 
  53    8  1.6253e-08  7.5608e-05  2.8870e+00 
  53    9  3.0456e-09  2.1424e-05  5.4367e-01 
  54    1  4.5290e-04  3.2252e-01  4.1116e+04 
  54    2  2.3265e-04  6.4241e-01  4.0058e+04 
  54    3  7.6740e-06  4.0253e-02  1.2544e+03 
  54    4  4.7934e-06  1.4454e-02  8.3255e+02 
  54    5  1.0965e-06  4.0780e-03  1.9526e+02 
  54    6  9.7189e-08  9.7007e-04  1.8002e+01 
  54    7  2.6140e-08  2.6595e-04  4.6946e+00 
  54    8  9.0231e-09  6.9024e-05  1.5408e+00 
  54    9  3.9101e-09  1.8914e-05  7.0289e-01 
  55    1  4.5563e-04  3.3046e-01  4.1254e+04 
  55    2  2.3868e-04  6.4568e-01  4.1157e+04 
  55    3  6.0490e-06  4.0070e-02  1.0965e+03 
  55    4  2.0111e-06  1.3411e-02  2.9259e+02 
  55    5  1.3349e-06  3.5621e-03  2.3638e+02 
  55    6  1.0102e-07  8.1428e-04  1.8448e+01 
  55    7  3.8661e-08  2.2509e-04  6.5879e+00 
  55    8  1.4721e-08  6.2272e-05  2.6490e+00 
  55    9  3.6047e-09  1.7754e-05  6.3635e-01 
  56    1  4.6064e-04  3.2473e-01  4.1079e+04 
  56    2  2.3660e-04  6.2842e-01  4.0860e+04 
  56    3  4.4986e-06  3.4948e-02  7.0274e+02 
  56    4  2.8152e-06  1.3205e-02  4.7274e+02 
  56    5  1.0752e-06  5.4121e-03  1.9867e+02 
  56    6  2.6014e-07  1.3555e-03  4.2207e+01 
  56    7  1.3295e-07  4.8076e-04  2.3616e+01 
  56    8  2.4631e-08  1.5725e-04  4.4979e+00 
  56    9  5.3312e-09  4.3534e-05  9.6793e-01 
  56   10  1.4643e-09  1.2430e-05  2.6311e-01 
  57    1  4.6668e-04  3.1369e-01  4.1098e+04 
  57    2  2.3925e-04  6.1504e-01  4.1375e+04 
  57    3  6.6153e-06  3.8103e-02  1.0227e+03 
  57    4  3.5467e-06  1.8357e-02  6.1635e+02 
  57    5  9.2393e-07  5.8527e-03  1.6360e+02 
  57    6  3.3015e-07  1.8377e-03  5.5798e+01 
  57    7  1.4620e-07  8.0693e-04  2.6496e+01 
  57    8  3.9641e-08  2.5590e-04  6.9386e+00 
  57    9  1.4050e-08  8.5037e-05  2.4457e+00 
  57   10  5.4152e-09  2.3861e-05  9.5566e-01 
  57   11  1.2298e-09  6.8705e-06  2.0110e-01 
  58    1  4.7191e-04  3.1298e-01  4.1358e+04 
  58    2  2.3378e-04  6.1202e-01  4.0472e+04 
  58    3  6.0953e-06  3.1268e-02  1.0658e+03 
  58    4  2.2874e-06  1.1069e-02  3.9607e+02 
  58    5  5.7869e-07  3.6463e-03  9.9528e+01 
  58    6  2.6968e-07  1.1948e-03  4.5959e+01 
  58    7  7.9907e-08  4.5231e-04  1.4086e+01 
  58    8  2.3771e-08  1.4255e-04  4.3192e+00 
  58    9  5.1608e-09  4.2028e-05  9.4342e-01 
  58   10  1.5073e-09  1.1707e-05  2.7453e-01 
  59    1  4.7776e-04  3.1011e-01  4.1276e+04 
  59    2  2.4834e-04  5.9859e-01  4.3020e+04 
  59    3  1.2936e-05  3.1181e-02  2.2758e+03 
  59    4  1.7816e-06  1.0462e-02  2.6996e+02 
  59    5  9.7724e-07  4.1963e-03  1.7684e+02 
  59    6  1.4450e-07  1.1081e-03  2.3857e+01 
  59    7  6.7045e-08  3.0703e-04  1.1741e+01 
  59    8  1.1700e-08  9.0968e-05  2.0935e+00 
  59    9  4.1757e-09  2.3096e-05  7.3775e-01 
  60    1  4.8407e-04  2.9885e-01  4.1087e+04 
  60    2  2.4121e-04  5.7940e-01  4.1808e+04 
  60    3  4.6590e-06  2.9189e-02  8.1575e+02 
  60    4  1.4072e-06  9.1567e-03  2.1737e+02 
  60    5  6.9619e-07  2.2329e-03  1.2071e+02 
  60    6  2.2727e-07  6.9149e-04  3.9161e+01 
  60    7  3.6507e-08  2.0039e-04  5.3586e+00 
  60    8  1.8409e-08  6.4015e-05  2.9646e+00 
  60    9  7.7682e-09  1.9551e-05  1.3884e+00 
  60   10  6.5949e-10  5.8004e-06  1.0772e-01 
  61    1  4.8877e-04  2.9016e-01  4.1120e+04 
  61    2  2.3332e-04  5.6530e-01  4.0430e+04 
  61    3  7.1639e-06  3.2280e-02  1.2537e+03 
  61    4  1.8654e-06  9.4814e-03  2.3035e+02 
  61    5  1.1157e-06  2.3065e-03  1.9046e+02 
  61    6  3.1362e-07  6.9160e-04  5.4296e+01 
  61    7  5.5618e-08  2.0949e-04  9.7006e+00 
  61    8  1.2004e-08  5.9467e-05  2.1276e+00 
  61    9  2.4664e-09  1.7407e-05  4.4546e-01 
  62    1  4.9250e-04  2.8659e-01  4.1065e+04 
  62    2  2.3394e-04  5.6340e-01  4.0535e+04 
  62    3  3.6251e-06  2.9098e-02  5.9996e+02 
  62    4  2.4488e-06  9.9069e-03  4.1895e+02 
  62    5  5.9139e-07  2.7033e-03  9.7103e+01 
  62    6  2.5529e-07  7.9656e-04  4.5213e+01 
  62    7  3.8762e-08  2.4553e-04  6.2719e+00 
  62    8  1.8642e-08  6.8801e-05  3.3450e+00 
  62    9  2.8502e-09  2.0169e-05  4.9934e-01 
  63    1  4.9645e-04  2.8772e-01  4.0757e+04 
  63    2  2.3479e-04  5.6414e-01  4.0696e+04 
  63    3  2.8973e-06  2.9164e-02  4.9087e+02 
  63    4  1.2897e-06  8.6244e-03  2.3757e+02 
  63    5  2.1464e-07  2.1142e-03  4.0884e+01 
  63    6  7.4230e-08  4.9628e-04  1.2256e+01 
  63    7  2.7014e-08  1.4184e-04  4.5588e+00 
  63    8  1.1636e-08  4.1517e-05  2.0315e+00 
  63    9  1.4724e-09  1.2272e-05  2.5778e-01 
  64    1  4.9914e-04  2.8453e-01  4.0662e+04 
  64    2  2.3222e-04  5.4908e-01  4.0253e+04 
  64    3  5.2419e-06  2.7547e-02  9.0354e+02 
  64    4  1.5752e-06  9.1550e-03  2.8181e+02 
  64    5  4.1028e-07  2.3493e-03  7.2138e+01 
  64    6  9.8051e-08  7.1109e-04  1.5730e+01 
  64    7  5.0727e-08  2.0009e-04  8.9387e+00 
  64    8  9.4638e-09  6.3528e-05  1.7168e+00 
  64    9  2.5411e-09  1.8003e-05  4.6545e-01 
  65    1  4.9993e-04  2.7516e-01  4.0666e+04 
  65    2  2.3511e-04  5.3262e-01  4.0768e+04 
  65    3  4.1384e-06  2.5074e-02  6.5556e+02 
  65    4  2.6287e-06  8.1856e-03  4.8435e+02 
  65    5  5.2048e-07  2.1758e-03  9.5466e+01 
  65    6  9.7460e-08  6.1198e-04  1.7993e+01 
  65    7  1.9152e-08  1.7295e-04  3.4559e+00 
  65    8  5.8175e-09  5.1927e-05  1.0749e+00 
  65    9  1.3588e-09  1.3357e-05  2.5366e-01 
  66    1  5.0017e-04  2.7042e-01  4.0455e+04 
  66    2  2.3764e-04  5.3663e-01  4.1206e+04 
  66    3  7.2082e-06  2.7226e-02  1.2452e+03 
  66    4  1.2375e-06  7.5358e-03  2.1230e+02 
  66    5  3.7911e-07  2.2407e-03  6.8596e+01 
  66    6  9.1150e-08  5.9755e-04  1.6054e+01 
  66    7  3.2660e-08  1.6856e-04  5.7355e+00 
  66    8  1.0029e-08  4.9211e-05  1.7567e+00 
  66    9  2.6359e-09  1.2390e-05  4.6643e-01 
  67    1  5.0007e-04  2.7651e-01  4.0284e+04 
  67    2  2.3444e-04  5.5622e-01  4.0675e+04 
  67    3  5.6806e-06  2.7574e-02  9.8807e+02 
  67    4  1.7302e-06  1.1021e-02  3.1003e+02 
  67    5  5.1193e-07  2.7812e-03  8.9714e+01 
  67    6  1.8681e-07  9.4283e-04  3.3447e+01 
  67    7  6.0464e-08  3.7021e-04  1.0947e+01 
  67    8  1.6063e-08  1.1644e-04  2.9109e+00 
  67    9  5.6033e-09  2.9466e-05  9.9725e-01 
  67   10  1.2486e-09  7.6469e-06  2.2167e-01 
  68    1  4.9906e-04  2.8969e-01  4.0369e+04 
  68    2  2.3712e-04  5.7418e-01  4.1144e+04 
  68    3  5.6420e-06  2.2846e-02  9.7875e+02 
  68    4  1.6821e-06  9.1133e-03  2.8478e+02 
  68    5  6.7090e-07  3.5589e-03  1.1870e+02 
  68    6  2.1166e-07  1.0591e-03  3.7502e+01 
  68    7  3.2994e-08  2.7899e-04  6.0247e+00 
  68    8  1.1573e-08  8.3622e-05  1.9812e+00 
  68    9  4.4343e-09  2.9329e-05  7.6338e-01 
  69    1  4.9768e-04  2.9433e-01  4.0294e+04 
  69    2  2.3488e-04  5.7001e-01  4.0782e+04 
  69    3  6.1369e-06  2.2585e-02  1.0822e+03 
  69    4  1.9090e-06  9.4271e-03  3.0300e+02 
  69    5  8.5070e-07  3.3283e-03  1.4380e+02 
  69    6  2.8698e-07  1.1474e-03  4.9893e+01 
  69    7  6.9346e-08  3.7191e-04  1.2545e+01 
  69    8  1.7747e-08  9.9911e-05  3.1435e+00 
  69    9  4.8688e-09  2.6773e-05  8.4299e-01 
  70    1  4.9637e-04  2.8432e-01  4.0076e+04 
  70    2  2.3305e-04  5.4871e-01  4.0473e+04 
  70    3  4.3401e-06  2.2644e-02  7.2809e+02 
  70    4  2.1692e-06  9.2078e-03  3.4691e+02 
  70    5  1.0671e-06  3.1172e-03  1.9204e+02 
  70    6  1.4867e-07  8.2052e-04  2.4561e+01 
  70    7  5.8030e-08  2.7868e-04  1.0261e+01 
  70    8  2.2189e-08  9.9209e-05  3.9711e+00 
  70    9  4.0425e-09  3.0430e-05  7.2758e-01 
  71    1  4.9440e-04  2.7467e-01  4.0134e+04 
  71    2  2.2669e-04  5.3645e-01  3.9435e+04 
  71    3  6.4607e-06  2.4203e-02  1.1335e+03 
  71    4  1.2426e-06  8.0272e-03  2.2405e+02 
  71    5  3.1888e-07  2.3292e-03  5.6754e+01 
  71    6  9.2380e-08  6.1208e-04  1.6257e+01 
  71    7  2.2287e-08  1.6046e-04  3.8100e+00 
  71    8  8.0828e-09  4.9562e-05  1.4138e+00 
  71    9  2.5558e-09  1.5255e-05  4.4903e-01 
  72    1  4.9188e-04  2.7404e-01  4.0280e+04 
  72    2  2.2570e-04  5.3834e-01  3.9388e+04 
  72    3  6.9176e-06  2.3804e-02  1.2356e+03 
  72    4  1.2295e-06  8.3802e-03  2.0263e+02 
  72    5  5.4258e-07  2.4444e-03  9.5880e+01 
  72    6  1.0716e-07  7.4333e-04  1.9203e+01 
  72    7  3.3879e-08  1.9823e-04  5.9690e+00 
  72    8  1.0197e-08  5.5863e-05  1.8587e+00 
  72    9  2.6552e-09  1.6946e-05  4.3476e-01 
  73    1  4.8995e-04  2.7577e-01  4.0245e+04 
  73    2  2.2497e-04  5.4505e-01  3.9454e+04 
  73    3  7.4419e-06  2.1762e-02  1.3358e+03 
  73    4  1.1539e-06  7.7445e-03  2.1350e+02 
  73    5  3.1702e-07  2.1346e-03  5.1274e+01 
  73    6  1.3631e-07  6.6295e-04  2.2939e+01 
  73    7  5.0005e-08  1.9582e-04  8.8368e+00 
  73    8  1.0593e-08  6.6889e-05  1.9111e+00 
  73    9  2.2470e-09  1.9945e-05  4.0118e-01 
  74    1  4.8858e-04  2.8062e-01  4.0374e+04 
  74    2  2.2379e-04  5.6320e-01  3.9469e+04 
  74    3  7.8282e-06  1.7260e-02  1.4040e+03 
  74    4  1.2877e-06  6.3707e-03  2.3143e+02 
  74    5  3.8910e-07  1.5037e-03  6.9872e+01 
  74    6  8.2740e-08  3.9380e-04  1.4742e+01 
  74    7  2.4144e-08  1.0320e-04  4.3880e+00 
  74    8  4.3076e-09  2.5859e-05  7.7591e-01 
  75    1  4.8717e-04  2.9265e-01  4.0676e+04 
  75    2  2.2676e-04  5.8622e-01  4.0310e+04 
  75    3  6.5371e-06  2.1548e-02  1.1177e+03 
  75    4  1.2685e-06  7.3354e-03  2.3124e+02 
  75    5  1.9025e-07  1.7823e-03  3.5267e+01 
  75    6  6.8408e-08  4.8611e-04  1.1601e+01 
  75    7  3.4482e-08  1.3582e-04  6.2314e+00 
  75    8  6.3139e-09  4.1637e-05  1.1259e+00 
  75    9  1.9329e-09  1.0552e-05  3.4712e-01 
  76    1  4.8618e-04  3.0301e-01  4.0706e+04 
  76    2  2.2741e-04  5.9484e-01  4.0658e+04 
  76    3  1.7523e-06  1.7944e-02  3.0766e+02 
  76    4  7.0742e-07  5.9509e-03  1.2473e+02 
  76    5  2.4477e-07  1.6288e-03  4.1674e+01 
  76    6  9.6818e-08  4.7719e-04  1.7526e+01 
  76    7  1.0660e-08  1.2040e-04  1.9468e+00 
  76    8  3.7430e-09  3.1332e-05  6.4292e-01 
  77    1  4.8520e-04  2.9799e-01  4.0628e+04 
  77    2  2.2491e-04  5.6997e-01  4.0442e+04 
  77    3  2.1424e-06  1.7562e-02  3.3797e+02 
  77    4  1.0469e-06  5.5487e-03  1.8806e+02 
  77    5  1.8235e-07  1.3531e-03  3.2392e+01 
  77    6  6.1369e-08  3.8434e-04  1.1091e+01 
  77    7  1.5733e-08  1.1099e-04  2.7315e+00 
  77    8  7.3763e-09  2.9380e-05  1.3086e+00 
  77    9  1.8700e-09  8.7838e-06  3.3735e-01 
  78    1  4.8245e-04  2.7920e-01  4.0689e+04 
  78    2  2.2219e-04  5.3634e-01  4.0171e+04 
  78    3  2.7484e-06  1.6723e-02  3.7902e+02 
  78    4  1.7631e-06  5.4171e-03  3.1417e+02 
  78    5  2.4941e-07  1.4182e-03  4.2909e+01 
  78    6  9.5414e-08  5.1792e-04  1.5862e+01 
  78    7  3.8587e-08  1.7720e-04  6.8216e+00 
  78    8  9.4239e-09  5.7506e-05  1.1942e+00 
  78    9  5.9121e-09  1.8780e-05  1.0320e+00 
  78   10  1.3022e-09  5.9372e-06  2.2975e-01 
  79    1  4.7807e-04  2.6790e-01  4.0581e+04 
  79    2  2.2469e-04  5.3316e-01  4.0835e+04 
  79    3  2.3427e-06  1.4948e-02  3.9787e+02 
  79    4  1.0208e-06  4.5386e-03  1.8287e+02 
  79    5  1.3281e-07  1.1025e-03  2.2816e+01 
  79    6  7.1387e-08  4.0086e-04  1.1994e+01 
  79    7  2.9805e-08  1.5785e-04  5.1302e+00 
  79    8  1.0193e-08  5.0241e-05  1.7749e+00 
  79    9  2.4694e-09  1.5219e-05  4.4043e-01 
  80    1  4.7371e-04  2.7525e-01  4.0276e+04 
  80    2  2.2186e-04  5.5564e-01  4.0508e+04 
  80    3  3.9968e-06  2.1132e-02  6.6974e+02 
  80    4  1.8157e-06  9.2978e-03  3.2135e+02 
  80    5  4.4789e-07  3.0320e-03  8.0691e+01 
  80    6  1.1340e-07  8.3166e-04  2.0145e+01 
  80    7  3.8301e-08  2.5509e-04  6.8401e+00 
  80    8  9.8198e-09  8.1751e-05  1.7878e+00 
  80    9  2.8731e-09  2.2761e-05  4.9129e-01 
  81    1  4.6906e-04  2.8761e-01  4.0117e+04 
  81    2  2.1773e-04  5.7287e-01  3.9919e+04 
  81    3  2.5579e-06  1.6192e-02  4.4141e+02 
  81    4  1.0701e-06  5.9595e-03  1.8838e+02 
  81    5  3.3678e-07  1.8971e-03  6.1583e+01 
  81    6  5.8704e-08  5.2972e-04  1.0702e+01 
  81    7  2.2029e-08  1.5586e-04  3.8094e+00 
  81    8  1.1098e-08  6.4513e-05  2.0054e+00 
  81    9  3.0611e-09  2.1265e-05  4.9970e-01 
  82    1  4.6320e-04  2.9059e-01  3.9890e+04 
  82    2  2.1698e-04  5.6766e-01  3.9909e+04 
  82    3  2.5086e-06  1.4627e-02  4.3855e+02 
  82    4  7.3948e-07  4.6454e-03  1.3464e+02 
  82    5  1.8758e-07  1.2756e-03  3.2118e+01 
  82    6  6.1628e-08  3.4985e-04  1.0634e+01 
  82    7  2.0725e-08  9.7144e-05  3.7213e+00 
  82    8  3.8787e-09  2.6797e-05  5.9270e-01 
  83    1  4.5681e-04  2.8304e-01  3.9385e+04 
  83    2  2.1328e-04  5.5108e-01  3.9343e+04 
  83    3  2.0279e-06  1.3470e-02  3.4606e+02 
  83    4  7.2482e-07  4.5781e-03  1.2583e+02 
  83    5  2.7921e-07  1.3985e-03  4.9388e+01 
  83    6  5.5747e-08  4.2681e-04  1.0223e+01 
  83    7  1.4847e-08  1.2203e-04  2.7227e+00 
  83    8  3.8623e-09  3.3818e-05  6.9928e-01 
  84    1  4.5008e-04  2.7701e-01  3.8949e+04 
  84    2  2.0840e-04  5.4873e-01  3.8526e+04 
  84    3  3.0524e-06  1.4860e-02  5.2855e+02 
  84    4  7.9674e-07  5.6373e-03  1.4868e+02 
  84    5  1.7428e-07  1.2658e-03  2.7819e+01 
  84    6  9.0002e-08  3.9985e-04  1.5750e+01 
  84    7  2.4498e-08  1.3662e-04  4.2601e+00 
  84    8  9.5641e-09  5.0691e-05  1.6833e+00 
  84    9  2.6176e-09  1.6647e-05  4.6045e-01 
  85    1  4.4258e-04  2.7963e-01  3.8641e+04 
  85    2  2.0927e-04  5.5703e-01  3.8739e+04 
  85    3  2.5750e-06  1.6137e-02  4.6706e+02 
  85    4  7.0932e-07  5.2108e-03  1.2053e+02 
  85    5  3.4517e-07  1.6206e-03  6.0962e+01 
  85    6  1.0569e-07  5.0528e-04  1.8890e+01 
  85    7  1.8259e-08  1.4948e-04  3.0065e+00 
  85    8  7.2742e-09  3.7936e-05  1.0626e+00 
  85    9  3.6462e-09  1.1901e-05  6.3226e-01 
  86    1  4.3547e-04  2.8395e-01  3.8147e+04 
  86    2  2.0619e-04  5.6064e-01  3.8213e+04 
  86    3  1.7852e-06  1.2961e-02  3.1026e+02 
  86    4  6.9446e-07  4.1472e-03  1.2717e+02 
  86    5  1.2998e-07  1.0536e-03  2.3305e+01 
  86    6  4.0473e-08  3.0557e-04  6.4205e+00 
  86    7  2.0517e-08  8.6179e-05  3.6794e+00 
  86    8  4.5138e-09  2.4971e-05  7.1786e-01 
  86    9  1.6851e-09  7.5243e-06  2.5659e-01 
  87    1  4.2982e-04  2.8370e-01  3.7627e+04 
  87    2  2.0397e-04  5.5694e-01  3.7825e+04 
  87    3  3.9495e-06  1.5086e-02  6.7214e+02 
  87    4  1.3479e-06  5.9590e-03  2.4018e+02 
  87    5  3.8894e-07  1.5158e-03  7.0431e+01 
  87    6  6.7408e-08  4.1031e-04  1.0077e+01 
  87    7  3.3351e-08  1.3223e-04  5.3036e+00 
  87    8  1.4294e-08  3.6832e-05  2.5669e+00 
  87    9  2.2233e-09  1.1046e-05  3.8156e-01 
  88    1  4.2474e-04  2.8064e-01  3.7295e+04 
  88    2  1.9802e-04  5.4768e-01  3.6754e+04 
  88    3  3.7143e-06  1.3261e-02  6.0470e+02 
  88    4  1.6585e-06  4.7467e-03  3.0216e+02 
  88    5  2.8873e-07  1.3845e-03  5.1042e+01 
  88    6  8.1671e-08  3.8064e-04  1.4477e+01 
  88    7  1.7686e-08  1.0847e-04  3.1975e+00 
  88    8  4.6081e-09  3.0981e-05  8.3198e-01 
  88    9  1.3428e-09  9.3366e-06  2.3892e-01 
  89    1  4.2008e-04  2.7392e-01  3.6883e+04 
  89    2  1.9761e-04  5.2987e-01  3.6736e+04 
  89    3  1.9633e-06  1.3992e-02  3.2971e+02 
  89    4  9.1331e-07  5.3506e-03  1.5951e+02 
  89    5  3.0237e-07  1.9438e-03  5.4549e+01 
  89    6  8.1792e-08  5.1819e-04  1.4986e+01 
  89    7  1.9421e-08  1.4443e-04  3.3332e+00 
  89    8  7.5301e-09  4.4465e-05  1.3537e+00 
  89    9  1.3626e-09  1.2655e-05  2.5403e-01 
  90    1  4.1669e-04  2.6311e-01  3.6390e+04 
  90    2  1.9378e-04  5.1394e-01  3.6076e+04 
  90    3  2.6341e-06  1.2608e-02  4.4183e+02 
  90    4  1.0407e-06  5.5438e-03  1.8529e+02 
  90    5  2.9086e-07  1.8258e-03  4.8350e+01 
  90    6  1.2445e-07  5.3364e-04  2.1838e+01 
  90    7  2.5871e-08  1.5785e-04  4.6759e+00 
  90    8  4.9452e-09  4.6135e-05  9.0144e-01 
  90    9  1.5278e-09  1.3136e-05  2.5380e-01 
  91    1  4.1413e-04  2.5902e-01  3.6116e+04 
  91    2  1.9228e-04  5.1871e-01  3.5846e+04 
  91    3  2.2266e-06  1.1972e-02  2.9242e+02 
  91    4  1.2764e-06  4.6147e-03  2.2040e+02 
  91    5  4.0510e-07  1.4184e-03  7.2051e+01 
  91    6  6.7037e-08  4.8574e-04  1.1614e+01 
  91    7  2.9435e-08  1.4352e-04  5.2914e+00 
  91    8  6.5956e-09  4.5134e-05  1.2061e+00 
  91    9  1.9527e-09  1.4797e-05  3.4990e-01 
  92    1  4.1219e-04  2.6847e-01  3.5911e+04 
  92    2  1.9039e-04  5.4348e-01  3.5534e+04 
  92    3  4.8029e-06  1.4071e-02  8.3666e+02 
  92    4  7.6258e-07  5.2485e-03  1.2819e+02 
  92    5  3.4536e-07  1.6114e-03  6.1810e+01 
  92    6  7.9076e-08  5.6241e-04  1.4334e+01 
  92    7  2.1596e-08  1.5263e-04  3.8883e+00 
  92    8  8.9505e-09  4.6626e-05  1.5763e+00 
  92    9  3.3060e-09  1.6553e-05  5.9056e-01 
  93    1  4.1188e-04  2.8154e-01  3.5567e+04 
  93    2  1.9015e-04  5.5956e-01  3.5527e+04 
  93    3  1.9335e-06  1.1987e-02  3.2637e+02 
  93    4  8.5957e-07  4.0324e-03  1.5451e+02 
  93    5  1.6796e-07  1.0625e-03  2.8356e+01 
  93    6  5.6863e-08  3.0660e-04  9.4754e+00 
  93    7  1.9976e-08  9.3059e-05  3.0482e+00 
  93    8  1.0214e-08  2.8921e-05  1.8155e+00 
  93    9  1.5259e-09  8.4335e-06  2.1537e-01 
  94    1  4.1241e-04  2.8234e-01  3.5260e+04 
  94    2  1.8696e-04  5.4246e-01  3.4918e+04 
  94    3  2.7801e-06  9.9422e-03  4.7231e+02 
  94    4  8.1145e-07  3.6243e-03  1.4846e+02 
  94    5  1.5939e-07  9.7929e-04  2.8431e+01 
  94    6  3.7828e-08  3.0632e-04  6.7818e+00 
  94    7  1.0649e-08  8.8930e-05  1.8666e+00 
  94    8  5.3147e-09  2.5223e-05  8.9060e-01 
  94    9  2.2350e-09  7.3025e-06  3.9980e-01 
  95    1  4.1186e-04  2.6466e-01  3.4983e+04 
  95    2  1.8869e-04  4.9540e-01  3.5224e+04 
  95    3  4.5812e-06  1.1665e-02  7.9888e+02 
  95    4  1.2734e-06  4.0398e-03  2.2433e+02 
  95    5  3.1180e-07  1.5633e-03  5.6020e+01 
  95    6  6.6113e-08  4.8338e-04  1.1619e+01 
  95    7  2.7477e-08  1.2136e-04  4.8882e+00 
  95    8  6.4384e-09  3.2072e-05  1.1525e+00 
  95    9  1.0405e-09  8.5305e-06  1.7407e-01 
  96    1  4.1004e-04  2.3831e-01  3.4528e+04 
  96    2  1.8509e-04  4.4992e-01  3.4521e+04 
  96    3  1.5849e-06  9.6895e-03  2.8444e+02 
  96    4  5.6126e-07  3.3477e-03  9.9590e+01 
  96    5  1.5884e-07  1.0435e-03  2.6732e+01 
  96    6  6.2945e-08  2.8345e-04  1.1112e+01 
  96    7  1.2229e-08  7.1765e-05  2.1194e+00 
  96    8  3.7422e-09  2.1372e-05  6.1329e-01 
  97    1  4.0746e-04  2.2209e-01  3.4065e+04 
  97    2  1.8139e-04  4.3843e-01  3.3800e+04 
  97    3  1.6709e-06  1.1681e-02  2.8391e+02 
  97    4  6.6493e-07  4.0549e-03  1.1991e+02 
  97    5  1.7093e-07  1.1582e-03  3.0883e+01 
  97    6  3.4924e-08  2.9363e-04  6.3649e+00 
  97    7  9.4227e-09  7.8659e-05  1.6696e+00 
  97    8  3.2191e-09  2.6445e-05  5.8844e-01 
  98    1  4.0399e-04  2.2632e-01  3.3763e+04 
  98    2  1.8151e-04  4.6024e-01  3.3813e+04 
  98    3  2.1149e-06  1.0433e-02  3.5737e+02 
  98    4  8.4915e-07  3.3715e-03  1.5460e+02 
  98    5  1.3913e-07  9.1795e-04  2.5075e+01 
  98    6  3.1957e-08  2.3815e-04  5.4624e+00 
  98    7  1.4808e-08  6.9483e-05  2.6891e+00 
  98    8  2.3365e-09  1.8089e-05  4.4075e-01 
  99    1  4.0043e-04  2.4175e-01  3.3436e+04 
  99    2  1.8071e-04  4.9025e-01  3.3667e+04 
  99    3  3.0349e-06  1.0753e-02  5.5307e+02 
  99    4  4.5058e-07  3.6499e-03  8.1204e+01 
  99    5  1.4045e-07  1.0212e-03  2.5151e+01 
  99    6  4.0898e-08  2.8633e-04  6.5934e+00 
  99    7  1.7900e-08  8.6360e-05  3.1289e+00 
  99    8  5.4304e-09  2.6991e-05  9.8203e-01 
  99    9  1.0824e-09  7.5781e-06  1.8618e-01 
 100    1  3.9802e-04  2.5499e-01  3.3053e+04 
 100    2  1.7724e-04  5.1094e-01  3.3032e+04 
 100    3  1.6992e-06  1.0717e-02  2.8267e+02 
 100    4  7.8183e-07  4.4042e-03  1.3769e+02 
 100    5  2.3758e-07  1.5153e-03  4.3101e+01 
 100    6  6.0770e-08  4.0334e-04  1.1041e+01 
 100    7  1.4731e-08  1.0009e-04  2.6479e+00 
 100    8  3.7635e-09  2.8173e-05  6.6083e-01 
 101    1  3.9663e-04  2.6098e-01  3.2760e+04 
 101    2  1.7486e-04  5.1726e-01  3.2608e+04 
 101    3  2.1861e-06  1.0702e-02  3.4507e+02 
 101    4  1.0102e-06  4.3156e-03  1.7108e+02 
 101    5  3.4350e-07  1.4754e-03  5.2983e+01 
 101    6  1.6293e-07  5.2071e-04  2.8897e+01 
 101    7  3.2330e-08  1.4397e-04  5.8243e+00 
 101    8  5.2081e-09  4.0819e-05  9.2404e-01 
 101    9  2.1533e-09  1.3314e-05  3.8862e-01 
 102    1  3.9582e-04  2.6210e-01  3.2452e+04 
 102    2  1.7440e-04  5.1531e-01  3.2564e+04 
 102    3  2.3835e-06  1.0837e-02  4.2580e+02 
 102    4  7.5231e-07  3.5972e-03  1.3419e+02 
 102    5  1.7714e-07  1.0681e-03  2.8528e+01 
 102    6  7.8730e-08  3.9153e-04  1.3550e+01 
 102    7  2.5503e-08  1.3002e-04  4.4074e+00 
 102    8  9.2102e-09  4.3494e-05  1.6254e+00 
 102    9  1.7207e-09  1.3648e-05  2.8974e-01 
 103    1  3.9584e-04  2.5912e-01  3.1999e+04 
 103    2  1.7029e-04  5.0360e-01  3.1838e+04 
 103    3  1.9834e-06  1.1624e-02  3.1767e+02 
 103    4  1.1730e-06  4.9458e-03  2.0936e+02 
 103    5  2.7659e-07  1.6199e-03  4.1917e+01 
 103    6  1.8098e-07  4.9223e-04  3.2546e+01 
 103    7  2.3778e-08  1.7223e-04  4.3245e+00 
 103    8  1.1927e-08  5.3563e-05  1.9323e+00 
 103    9  4.7194e-09  1.6246e-05  8.4480e-01 
 103   10  7.7700e-10  4.3843e-06  1.3395e-01 
 104    1  3.9610e-04  2.5011e-01  3.1547e+04 
 104    2  1.6763e-04  4.7976e-01  3.1399e+04 
 104    3  1.6305e-06  9.4114e-03  2.4944e+02 
 104    4  7.6115e-07  3.2169e-03  1.3175e+02 
 104    5  2.2687e-07  9.8082e-04  4.0756e+01 
 104    6  3.5187e-08  2.8952e-04  6.0476e+00 
 104    7  1.8476e-08  8.1369e-05  3.3136e+00 
 104    8  3.8009e-09  2.5855e-05  6.8513e-01 
 105    1  3.9541e-04  2.3501e-01  3.1123e+04 
 105    2  1.6466e-04  4.4498e-01  3.0910e+04 
 105    3  1.7203e-06  1.0179e-02  3.0929e+02 
 105    4  4.3300e-07  3.5097e-03  7.7273e+01 
 105    5  1.8532e-07  9.7087e-04  3.1131e+01 
 105    6  7.2525e-08  2.5795e-04  1.2806e+01 
 105    7  1.4621e-08  8.0141e-05  2.6176e+00 
 105    8  4.4140e-09  2.3898e-05  7.7631e-01 
 105    9  1.0363e-09  6.1235e-06  1.8592e-01 
 106    1  3.9369e-04  2.1714e-01  3.0603e+04 
 106    2  1.6155e-04  4.1509e-01  3.0407e+04 
 106    3  1.4273e-06  7.8432e-03  2.2919e+02 
 106    4  7.0348e-07  2.9552e-03  1.2393e+02 
 106    5  1.9549e-07  1.0684e-03  3.3206e+01 
 106    6  7.4993e-08  4.1066e-04  1.1944e+01 
 106    7  4.0375e-08  1.2104e-04  7.2447e+00 
 106    8  3.8604e-09  3.0471e-05  7.0991e-01 
 107    1  3.9137e-04  2.0688e-01  3.0065e+04 
 107    2  1.5786e-04  4.1105e-01  2.9802e+04 
 107    3  1.5526e-06  8.4923e-03  1.5737e+02 
 107    4  1.0967e-06  3.2439e-03  1.9378e+02 
 107    5  2.2834e-07  8.7377e-04  3.9841e+01 
 107    6  5.7871e-08  2.7664e-04  9.8946e+00 
 107    7  1.6651e-08  8.4420e-05  2.8234e+00 
 107    8  5.4661e-09  2.0671e-05  9.6237e-01 
 107    9  1.3470e-09  6.4207e-06  2.4246e-01 
 108    1  3.8865e-04  2.1366e-01  2.9593e+04 
 108    2  1.5586e-04  4.4036e-01  2.9536e+04 
 108    3  2.3567e-06  9.6437e-03  3.8097e+02 
 108    4  1.1182e-06  3.1819e-03  2.0131e+02 
 108    5  1.0112e-07  7.9119e-04  1.7317e+01 
 108    6  3.9109e-08  2.4347e-04  6.1026e+00 
 108    7  2.1892e-08  7.4328e-05  3.9275e+00 
 108    8  2.1098e-09  2.0177e-05  3.8016e-01 
 109    1  3.8633e-04  2.3386e-01  2.9055e+04 
 109    2  1.5199e-04  4.8485e-01  2.8918e+04 
 109    3  1.0807e-06  7.9970e-03  1.7425e+02 
 109    4  4.5430e-07  3.0428e-03  7.5939e+01 
 109    5  1.7002e-07  6.4632e-04  2.6397e+01 
 109    6  7.3685e-08  2.3155e-04  1.2864e+01 
 109    7  1.6706e-08  6.5620e-05  2.9149e+00 
 109    8  4.5619e-09  1.8893e-05  8.1864e-01 
 109    9  8.6490e-10  5.3252e-06  1.5302e-01 
 110    1  3.8538e-04  2.5615e-01  2.8378e+04 
 110    2  1.4735e-04  5.2411e-01  2.8141e+04 
 110    3  1.0812e-06  7.1855e-03  1.8875e+02 
 110    4  4.6396e-07  2.5073e-03  7.9820e+01 
 110    5  2.2960e-07  7.6833e-04  3.8675e+01 
 110    6  7.1930e-08  2.1348e-04  1.2838e+01 
 110    7  8.5094e-09  6.4091e-05  1.3265e+00 
 110    8  4.0620e-09  1.8618e-05  6.9290e-01 
 110    9  1.3103e-09  5.2442e-06  2.3135e-01 
 111    1  3.8555e-04  2.7190e-01  2.7622e+04 
 111    2  1.4271e-04  5.4408e-01  2.7368e+04 
 111    3  1.1507e-06  7.3716e-03  1.9110e+02 
 111    4  5.8869e-07  2.6696e-03  1.0499e+02 
 111    5  1.1964e-07  7.5949e-04  2.0146e+01 
 111    6  5.9895e-08  2.7654e-04  1.0631e+01 
 111    7  1.5382e-08  8.4174e-05  2.7669e+00 
 111    8  4.5561e-09  2.2844e-05  7.5921e-01 
 111    9  1.7579e-09  5.9716e-06  3.1713e-01 
 112    1  3.8600e-04  2.7568e-01  2.6728e+04 
 112    2  1.3707e-04  5.3751e-01  2.6386e+04 
 112    3  3.5159e-06  7.5884e-03  6.2633e+02 
 112    4  4.3275e-07  2.5347e-03  7.8412e+01 
 112    5  1.3376e-07  6.9978e-04  2.3160e+01 
 112    6  4.5595e-08  2.2639e-04  7.5017e+00 
 112    7  1.7738e-08  8.7535e-05  2.8742e+00 
 112    8  7.8105e-09  2.9245e-05  1.3975e+00 
 112    9  1.8867e-09  8.1392e-06  3.3051e-01 
 113    1  3.8607e-04  2.6530e-01  2.5630e+04 
 113    2  1.3082e-04  5.0432e-01  2.5253e+04 
 113    3  1.1822e-06  8.4110e-03  1.7936e+02 
 113    4  6.0464e-07  3.3281e-03  1.0441e+02 
 113    5  2.0499e-07  1.0363e-03  3.5555e+01 
 113    6  6.7017e-08  3.5819e-04  1.2053e+01 
 113    7  1.3101e-08  1.0174e-04  2.3847e+00 
 113    8  3.4733e-09  3.0553e-05  6.4375e-01 
 114    1  3.8468e-04  2.4360e-01  2.4432e+04 
 114    2  1.2427e-04  4.5621e-01  2.4051e+04 
 114    3  8.9017e-07  6.7221e-03  1.4508e+02 
 114    4  4.4022e-07  2.5103e-03  7.1699e+01 
 114    5  1.9422e-07  9.4551e-04  3.1906e+01 
 114    6  8.6051e-08  2.9790e-04  1.5224e+01 
 114    7  2.0078e-08  8.8654e-05  3.6228e+00 
 114    8  3.7956e-09  2.7265e-05  6.3704e-01 
 115    1  3.8088e-04  2.1799e-01  2.3239e+04 
 115    2  1.1811e-04  4.0962e-01  2.2894e+04 
 115    3  1.5918e-06  9.5449e-03  2.8673e+02 
 115    4  4.0368e-07  2.8740e-03  7.2239e+01 
 115    5  1.3432e-07  8.6900e-04  2.4255e+01 
 115    6  3.1492e-08  2.4207e-04  5.5235e+00 
 115    7  1.3345e-08  6.7665e-05  2.4121e+00 
 115    8  3.5478e-09  2.3576e-05  6.3262e-01 
 116    1  3.7479e-04  1.9922e-01  2.2052e+04 
 116    2  1.1252e-04  3.8513e-01  2.1814e+04 
 116    3  2.7498e-06  8.0163e-03  4.9732e+02 
 116    4  3.3959e-07  2.5317e-03  6.2237e+01 
 116    5  8.7622e-08  6.3887e-04  1.4826e+01 
 116    6  2.9142e-08  1.7119e-04  5.1147e+00 
 116    7  1.0661e-08  4.8273e-05  1.9174e+00 
 116    8  1.7629e-09  1.4733e-05  3.2169e-01 
 117    1  3.6694e-04  1.9447e-01  2.0899e+04 
 117    2  1.0596e-04  3.8950e-01  2.0573e+04 
 117    3  1.1427e-06  6.7156e-03  1.4595e+02 
 117    4  6.8907e-07  2.2353e-03  1.1843e+02 
 117    5  1.9301e-07  5.4429e-04  3.3059e+01 
 117    6  6.0138e-08  2.4637e-04  9.9785e+00 
 117    7  2.2355e-08  8.5876e-05  4.0145e+00 
 117    8  5.3122e-09  2.3978e-05  9.6354e-01 
 117    9  1.0826e-09  8.2690e-06  1.9346e-01 
 118    1  3.5777e-04  2.0260e-01  1.9877e+04 
 118    2  1.0133e-04  4.1499e-01  1.9650e+04 
 118    3  1.5102e-06  8.2517e-03  2.6005e+02 
 118    4  4.6629e-07  3.0064e-03  8.1955e+01 
 118    5  1.5081e-07  8.6590e-04  2.7225e+01 
 118    6  2.2989e-08  2.0670e-04  4.1318e+00 
 118    7  7.1797e-09  5.7433e-05  1.3089e+00 
 118    8  1.7234e-09  1.6720e-05  2.9542e-01 
 119    1  3.4816e-04  2.1858e-01  1.8995e+04 
 119    2  9.6985e-05  4.4879e-01  1.8772e+04 
 119    3  2.2187e-06  7.0837e-03  3.8682e+02 
 119    4  1.0488e-06  2.6730e-03  1.7696e+02 
 119    5  3.2027e-07  7.6539e-04  5.4893e+01 
 119    6  6.6576e-08  2.4258e-04  1.1685e+01 
 119    7  1.8894e-08  7.6009e-05  3.2836e+00 
 119    8  5.1481e-09  2.1064e-05  9.3584e-01 
 119    9  8.6183e-10  6.1997e-06  1.5442e-01 
 120    1  3.3903e-04  2.3510e-01  1.8189e+04 
 120    2  9.3965e-05  4.7703e-01  1.8118e+04 
 120    3  1.9267e-06  5.8429e-03  3.5289e+02 
 120    4  2.8327e-07  1.9112e-03  4.7783e+01 
 120    5  1.2968e-07  5.6975e-04  2.3419e+01 
 120    6  1.9517e-08  1.6943e-04  3.5369e+00 
 120    7  5.9302e-09  4.5742e-05  8.5162e-01 
 120    8  3.4418e-09  1.1090e-05  5.9485e-01 
 120    9  8.0319e-10  3.2670e-06  1.4127e-01 
 121    1  3.3068e-04  2.4548e-01  1.7513e+04 
 121    2  9.0168e-05  4.8882e-01  1.7337e+04 
 121    3  9.1113e-07  6.1756e-03  1.5809e+02 
 121    4  2.9722e-07  2.1175e-03  5.1119e+01 
 121    5  9.8796e-08  5.9762e-04  1.7289e+01 
 121    6  3.6721e-08  1.7558e-04  6.5147e+00 
 121    7  8.4202e-09  5.0614e-05  1.4691e+00 
 121    8  2.6489e-09  1.3621e-05  4.6049e-01 
 122    1  3.2319e-04  2.4663e-01  1.7108e+04 
 122    2  8.8957e-05  4.8182e-01  1.7014e+04 
 122    3  1.1902e-06  6.2337e-03  1.7584e+02 
 122    4  5.6551e-07  2.0385e-03  9.4711e+01 
 122    5  1.8446e-07  5.7013e-04  3.1303e+01 
 122    6  5.8738e-08  1.7242e-04  1.0257e+01 
 122    7  1.6127e-08  6.3137e-05  2.8275e+00 
 122    8  3.8927e-09  2.3236e-05  6.9568e-01 
 122    9  1.0234e-09  6.2565e-06  1.7244e-01 
 123    1  3.1649e-04  2.3883e-01  1.6964e+04 
 123    2  9.0001e-05  4.5922e-01  1.7101e+04 
 123    3  1.3539e-06  6.1119e-03  2.2410e+02 
 123    4  5.8510e-07  2.8524e-03  1.0297e+02 
 123    5  1.5457e-07  8.3836e-04  2.7271e+01 
 123    6  4.3865e-08  2.3202e-04  7.7742e+00 
 123    7  1.2596e-08  7.5651e-05  2.0828e+00 
 123    8  4.9616e-09  2.0228e-05  8.5792e-01 
 123    9  1.5308e-09  5.4352e-06  2.7506e-01 
 124    1  3.1017e-04  2.2441e-01  1.7059e+04 
 124    2  9.1644e-05  4.2661e-01  1.7317e+04 
 124    3  1.4737e-06  5.8250e-03  2.5757e+02 
 124    4  3.9484e-07  2.3150e-03  6.7164e+01 
 124    5  1.3560e-07  7.7158e-04  2.3017e+01 
 124    6  4.8554e-08  2.0551e-04  8.4557e+00 
 124    7  1.2815e-08  5.8609e-05  2.3147e+00 
 124    8  3.1722e-09  1.4990e-05  5.6893e-01 
 124    9  5.6766e-10  4.2992e-06  1.0093e-01 
 125    1  3.0382e-04  2.0685e-01  1.7572e+04 
 125    2  9.4173e-05  3.9004e-01  1.7736e+04 
 125    3  8.1342e-07  6.1275e-03  1.2845e+02 
 125    4  3.7102e-07  2.1003e-03  5.6935e+01 
 125    5  1.7708e-07  7.3042e-04  2.8240e+01 
 125    6  7.8342e-08  2.4162e-04  1.3580e+01 
 125    7  2.6664e-08  7.5469e-05  4.8231e+00 
 125    8  2.7513e-09  2.1783e-05  4.7617e-01 
 126    1  2.9700e-04  1.8868e-01  1.8473e+04 
 126    2  1.0080e-04  3.5428e-01  1.8945e+04 
 126    3  1.1155e-06  5.7483e-03  1.6748e+02 
 126    4  6.8125e-07  1.7353e-03  1.2096e+02 
 126    5  1.0174e-07  5.0434e-04  1.7318e+01 
 126    6  3.8011e-08  1.4746e-04  6.6298e+00 
 126    7  1.0905e-08  5.7149e-05  1.9452e+00 
 126    8  3.6962e-09  1.6655e-05  6.6627e-01 
 126    9  6.3955e-10  4.6285e-06  1.1361e-01 
 127    1  2.8932e-04  1.7186e-01  1.9555e+04 
 127    2  1.0633e-04  3.2774e-01  1.9988e+04 
 127    3  7.8419e-07  5.2799e-03  1.1403e+02 
 127    4  3.9029e-07  1.7570e-03  5.9397e+01 
 127    5  1.9348e-07  4.9180e-04  3.3792e+01 
 127    6  4.1055e-08  1.3719e-04  7.2901e+00 
 127    7  9.5792e-09  4.1577e-05  1.7500e+00 
 127    8  1.5619e-09  1.0377e-05  2.8345e-01 
 128    1  2.8081e-04  1.6324e-01  2.0868e+04 
 128    2  1.1338e-04  3.2278e-01  2.1353e+04 
 128    3  7.9543e-07  5.2574e-03  1.2427e+02 
 128    4  4.2331e-07  2.3831e-03  7.5144e+01 
 128    5  1.1160e-07  7.4795e-04  2.0552e+01 
 128    6  2.5664e-08  2.0135e-04  4.7491e+00 
 128    7  8.2203e-09  6.1383e-05  1.3717e+00 
 128    8  4.4701e-09  1.8668e-05  8.0204e-01 
 128    9  1.1352e-09  5.3206e-06  1.8823e-01 
 129    1  2.7196e-04  1.6736e-01  2.2443e+04 
 129    2  1.2045e-04  3.4152e-01  2.2766e+04 
 129    3  1.5743e-06  5.3919e-03  2.7567e+02 
 129    4  2.9440e-07  1.9471e-03  4.6771e+01 
 129    5  1.3861e-07  5.8575e-04  2.4047e+01 
 129    6  3.7943e-08  2.1238e-04  6.7048e+00 
 129    7  1.0424e-08  6.5091e-05  1.8728e+00 
 129    8  2.7829e-09  1.7580e-05  5.0771e-01 
 129    9  4.6524e-10  4.4029e-06  8.4691e-02 
 130    1  2.6341e-04  1.8002e-01  2.4037e+04 
 130    2  1.2955e-04  3.6834e-01  2.4576e+04 
 130    3  8.1944e-07  5.6880e-03  1.3279e+02 
 130    4  3.7150e-07  1.9305e-03  6.5827e+01 
 130    5  7.5914e-08  5.6440e-04  1.3718e+01 
 130    6  2.4202e-08  1.6016e-04  4.2431e+00 
 130    7  9.1990e-09  5.2213e-05  1.6388e+00 
 130    8  2.2296e-09  1.5414e-05  4.0788e-01 
 131    1  2.5611e-04  1.9262e-01  2.5627e+04 
 131    2  1.3647e-04  3.8837e-01  2.6013e+04 
 131    3  2.4894e-06  5.9513e-03  4.3936e+02 
 131    4  4.9277e-07  2.0334e-03  8.8665e+01 
 131    5  5.1324e-08  4.8791e-04  9.4410e+00 
 131    6  1.4146e-08  1.3821e-04  2.5299e+00 
 131    7  6.7106e-09  3.9453e-05  9.1146e-01 
 131    8  4.4293e-09  1.2861e-05  7.9250e-01 
 131    9  6.7210e-10  3.8124e-06  1.0558e-01 
 132    1  2.5069e-04  2.0007e-01  2.7345e+04 
 132    2  1.4547e-04  3.9845e-01  2.7847e+04 
 132    3  7.3836e-07  5.0668e-03  1.0519e+02 
 132    4  3.9244e-07  1.7699e-03  6.7196e+01 
 132    5  1.0619e-07  4.6839e-04  1.6761e+01 
 132    6  5.0666e-08  1.2448e-04  9.1097e+00 
 132    7  9.8369e-09  3.6848e-05  1.7732e+00 
 132    8  1.7856e-09  1.1480e-05  3.2551e-01 
 133    1  2.4731e-04  2.0237e-01  2.9030e+04 
 133    2  1.5386e-04  3.9978e-01  2.9575e+04 
 133    3  7.0645e-07  5.4298e-03  1.1557e+02 
 133    4  3.5111e-07  2.0181e-03  6.3248e+01 
 133    5  9.0264e-08  5.9810e-04  1.6333e+01 
 133    6  2.4288e-08  1.9402e-04  4.4287e+00 
 133    7  9.9474e-09  5.6606e-05  1.7113e+00 
 133    8  2.9850e-09  1.5961e-05  5.0865e-01 
 133    9  1.0351e-09  4.8298e-06  1.8155e-01 
 134    1  2.4621e-04  2.0150e-01  3.0592e+04 
 134    2  1.6118e-04  3.9561e-01  3.1109e+04 
 134    3  9.4191e-07  4.6905e-03  1.6236e+02 
 134    4  2.9318e-07  1.5013e-03  4.9457e+01 
 134    5  9.3842e-08  4.7102e-04  1.6559e+01 
 134    6  3.1763e-08  1.5407e-04  4.8624e+00 
 134    7  2.0116e-08  6.2636e-05  3.5259e+00 
 134    8  3.8816e-09  1.9465e-05  6.8577e-01 
 134    9  8.6034e-10  5.4684e-06  1.5581e-01 
 135    1  2.4745e-04  1.9891e-01  3.2190e+04 
 135    2  1.6912e-04  3.9022e-01  3.2758e+04 
 135    3  1.0536e-06  5.2358e-03  1.6228e+02 
 135    4  5.1104e-07  1.6828e-03  9.0346e+01 
 135    5  1.5292e-07  6.3446e-04  2.7163e+01 
 135    6  4.6420e-08  2.0754e-04  8.2493e+00 
 135    7  1.0554e-08  5.9826e-05  1.8958e+00 
 135    8  1.7061e-09  1.6950e-05  3.1315e-01 
 136    1  2.5038e-04  1.9653e-01  3.3746e+04 
 136    2  1.7767e-04  3.8759e-01  3.4499e+04 
 136    3  1.6497e-06  5.1485e-03  2.9340e+02 
 136    4  3.6320e-07  1.6616e-03  6.1056e+01 
 136    5  1.5725e-07  6.6564e-04  2.8067e+01 
 136    6  6.5460e-08  2.2136e-04  1.1084e+01 
 136    7  2.0415e-08  6.1737e-05  3.5545e+00 
 136    8  4.2655e-09  1.9663e-05  7.7463e-01 
 136    9  9.1018e-10  5.7638e-06  1.4942e-01 
 137    1  2.5471e-04  1.9611e-01  3.5098e+04 
 137    2  1.8306e-04  3.8783e-01  3.5648e+04 
 137    3  1.1267e-06  4.7544e-03  1.8991e+02 
 137    4  4.2370e-07  1.7426e-03  6.0049e+01 
 137    5  2.2060e-07  4.8347e-04  3.7053e+01 
 137    6  6.6817e-08  1.7014e-04  1.1692e+01 
 137    7  1.7232e-08  5.5411e-05  3.1684e+00 
 137    8  2.8814e-09  1.6736e-05  5.0055e-01 
 137    9  8.6121e-10  4.6074e-06  1.4547e-01 
 138    1  2.6036e-04  1.9622e-01  3.6358e+04 
 138    2  1.8846e-04  3.8728e-01  3.6795e+04 
 138    3  6.3667e-07  4.7837e-03  1.0930e+02 
 138    4  2.3782e-07  1.5089e-03  4.3316e+01 
 138    5  4.8953e-08  4.0666e-04  9.0657e+00 
 138    6  1.3934e-08  1.0752e-04  2.5465e+00 
 138    7  4.0995e-09  3.2295e-05  7.2576e-01 
 138    8  1.3881e-09  8.0111e-06  2.4623e-01 
 139    1  2.6648e-04  1.9551e-01  3.7541e+04 
 139    2  1.9474e-04  3.8636e-01  3.8080e+04 
 139    3  1.2090e-06  5.6577e-03  2.2018e+02 
 139    4  3.6647e-07  2.1532e-03  6.4479e+01 
 139    5  1.0938e-07  6.9131e-04  1.9788e+01 
 139    6  3.5633e-08  2.1038e-04  6.4653e+00 
 139    7  7.5944e-09  6.1591e-05  1.3530e+00 
 139    8  2.1588e-09  1.7087e-05  3.5200e-01 
 140    1  2.7269e-04  1.9574e-01  3.8470e+04 
 140    2  1.9916e-04  3.9184e-01  3.8990e+04 
 140    3  1.1363e-06  3.7252e-03  1.4309e+02 
 140    4  7.4475e-07  1.3618e-03  1.3256e+02 
 140    5  1.2754e-07  4.1581e-04  2.3163e+01 
 140    6  2.7448e-08  1.3861e-04  4.9016e+00 
 140    7  7.4844e-09  4.4236e-05  1.3476e+00 
 140    8  2.6961e-09  1.3219e-05  4.7866e-01 
 141    1  2.7960e-04  2.0135e-01  3.9227e+04 
 141    2  2.0113e-04  4.0995e-01  3.9444e+04 
 141    3  9.8545e-07  4.6675e-03  1.7486e+02 
 141    4  2.7765e-07  1.6425e-03  4.8570e+01 
 141    5  8.8045e-08  4.9220e-04  1.5386e+01 
 141    6  2.5515e-08  1.3906e-04  4.3656e+00 
 141    7  8.0352e-09  3.7519e-05  1.4390e+00 
 141    8  1.0973e-09  1.0295e-05  1.8960e-01 
 142    1  2.8747e-04  2.1346e-01  3.9907e+04 
 142    2  2.0448e-04  4.3625e-01  4.0136e+04 
 142    3  4.7810e-07  4.3554e-03  7.8069e+01 
 142    4  2.3296e-07  1.4090e-03  4.1748e+01 
 142    5  5.6067e-08  3.9381e-04  8.6651e+00 
 142    6  3.1333e-08  1.0918e-04  5.5722e+00 
 142    7  6.1957e-09  3.4978e-05  1.0965e+00 
 142    8  1.9260e-09  1.0308e-05  3.4250e-01 
 143    1  2.9641e-04  2.2620e-01  4.0374e+04 
 143    2  2.0705e-04  4.5636e-01  4.0659e+04 
 143    3  8.7022e-07  4.2857e-03  8.8774e+01 
 143    4  6.3090e-07  1.4746e-03  1.1070e+02 
 143    5  1.1951e-07  4.2965e-04  2.0210e+01 
 143    6  4.9580e-08  1.2438e-04  8.9128e+00 
 143    7  6.1743e-09  3.9059e-05  1.0757e+00 
 143    8  2.1648e-09  1.1268e-05  3.8867e-01 
 144    1  3.0672e-04  2.3280e-01  4.0630e+04 
 144    2  2.0705e-04  4.6135e-01  4.0692e+04 
 144    3  9.7016e-07  4.6659e-03  1.7190e+02 
 144    4  2.8172e-07  1.5893e-03  4.7008e+01 
 144    5  1.1395e-07  5.7156e-04  1.9841e+01 
 144    6  3.3600e-08  1.8091e-04  5.6754e+00 
 144    7  1.2155e-08  4.8993e-05  2.2050e+00 
 144    8  2.0240e-09  1.2984e-05  3.7232e-01 
 145    1  3.1779e-04  2.3132e-01  4.0820e+04 
 145    2  2.0766e-04  4.5299e-01  4.0825e+04 
 145    3  1.3218e-06  3.6484e-03  2.3214e+02 
 145    4  2.6337e-07  1.1750e-03  4.5942e+01 
 145    5  7.4822e-08  3.5666e-04  1.2551e+01 
 145    6  3.0897e-08  1.0930e-04  5.3312e+00 
 145    7  8.7659e-09  4.3974e-05  1.5258e+00 
 145    8  2.9734e-09  1.5588e-05  5.4121e-01 
 146    1  3.2854e-04  2.2469e-01  4.0847e+04 
 146    2  2.0792e-04  4.4004e-01  4.0863e+04 
 146    3  8.0495e-07  4.3452e-03  1.2969e+02 
 146    4  3.4430e-07  1.6260e-03  5.7632e+01 
 146    5  1.3514e-07  5.9620e-04  2.4256e+01 
 146    6  2.4999e-08  1.7882e-04  4.4479e+00 
 146    7  7.2370e-09  4.6484e-05  1.1460e+00 
 146    8  3.9462e-09  1.3924e-05  7.0740e-01 
 146    9  6.7132e-10  3.4026e-06  1.1926e-01 
 147    1  3.3886e-04  2.1920e-01  4.0647e+04 
 147    2  2.0547e-04  4.3293e-01  4.0384e+04 
 147    3  2.3020e-06  4.3063e-03  4.1441e+02 
 147    4  2.4558e-07  1.4305e-03  4.1077e+01 
 147    5  1.0327e-07  5.1580e-04  1.5657e+01 
 147    6  5.7218e-08  1.7865e-04  1.0348e+01 
 147    7  1.2549e-08  5.7980e-05  2.2321e+00 
 147    8  2.3880e-09  1.7234e-05  4.2548e-01 
 148    1  3.4874e-04  2.1774e-01  4.0367e+04 
 148    2  2.0388e-04  4.3241e-01  4.0047e+04 
 148    3  1.9720e-06  3.7810e-03  3.3871e+02 
 148    4  4.3663e-07  1.5494e-03  7.2147e+01 
 148    5  1.7056e-07  3.8655e-04  2.9181e+01 
 148    6  4.8469e-08  1.2145e-04  8.5358e+00 
 148    7  1.2678e-08  3.4906e-05  2.3170e+00 
 148    8  1.8293e-09  1.1614e-05  3.2856e-01 
 149    1  3.5768e-04  2.1800e-01  3.9994e+04 
 149    2  2.0274e-04  4.3150e-01  3.9771e+04 
 149    3  8.2435e-07  4.6161e-03  1.0855e+02 
 149    4  5.5047e-07  1.6539e-03  9.9109e+01 
 149    5  8.5212e-08  4.3934e-04  1.4896e+01 
 149    6  2.1815e-08  1.2215e-04  3.7083e+00 
 149    7  8.0871e-09  3.5300e-05  1.4082e+00 
 149    8  2.4020e-09  1.3007e-05  4.2314e-01 
 150    1  3.6565e-04  2.1647e-01  3.9417e+04 
 150    2  2.0065e-04  4.2405e-01  3.9294e+04 
 150    3  7.2848e-07  3.7829e-03  9.3738e+01 
 150    4  4.4684e-07  1.4861e-03  7.7189e+01 
 150    5  1.3190e-07  5.6151e-04  2.2817e+01 
 150    6  5.1284e-08  1.5332e-04  9.1963e+00 
 150    7  6.2065e-09  4.4945e-05  1.1044e+00 
 150    8  1.8709e-09  1.2935e-05  3.4841e-01 
 151    1  3.7267e-04  2.1073e-01  3.8778e+04 
 151    2  1.9772e-04  4.0926e-01  3.8659e+04 
 151    3  8.4000e-07  4.3639e-03  1.5229e+02 
 151    4  2.0373e-07  1.4956e-03  3.7266e+01 
 151    5  6.3404e-08  3.1750e-04  1.1756e+01 
 151    6  1.8401e-08  8.8860e-05  3.1449e+00 
 151    7  6.2184e-09  3.3947e-05  1.1020e+00 
 151    8  1.8642e-09  1.1627e-05  2.9018e-01 
 152    1  3.7816e-04  2.0225e-01  3.8143e+04 
 152    2  1.9433e-04  3.9308e-01  3.7917e+04 
 152    3  7.0490e-07  3.9249e-03  1.1044e+02 
 152    4  3.3170e-07  1.4041e-03  5.8374e+01 
 152    5  1.1231e-07  3.9400e-04  2.0214e+01 
 152    6  1.4766e-08  1.0042e-04  2.6884e+00 
 152    7  5.4212e-09  2.9520e-05  9.3900e-01 
 152    8  1.6550e-09  9.5280e-06  2.8576e-01 
 153    1  3.8209e-04  1.9498e-01  3.7394e+04 
 153    2  1.9091e-04  3.8190e-01  3.7147e+04 
 153    3  3.4876e-07  2.9029e-03  5.8760e+01 
 153    4  1.3857e-07  9.8164e-04  2.4850e+01 
 153    5  4.6804e-08  2.5898e-04  7.1436e+00 
 153    6  2.2491e-08  8.0319e-05  3.8443e+00 
 153    7  5.9039e-09  2.3360e-05  1.0528e+00 
 153    8  2.0722e-09  7.2376e-06  3.6825e-01 
 154    1  3.8503e-04  1.9141e-01  3.6608e+04 
 154    2  1.8665e-04  3.7708e-01  3.6215e+04 
 154    3  8.2692e-07  4.6082e-03  1.3643e+02 
 154    4  3.1540e-07  1.5702e-03  5.2403e+01 
 154    5  1.2550e-07  4.2813e-04  2.2539e+01 
 154    6  2.7587e-08  1.3216e-04  4.6653e+00 
 154    7  9.7657e-09  4.4500e-05  1.6915e+00 
 154    8  2.4500e-09  1.1953e-05  4.0330e-01 
 155    1  3.8697e-04  1.9005e-01  3.5908e+04 
 155    2  1.8406e-04  3.7376e-01  3.5586e+04 
 155    3  8.0294e-07  3.3711e-03  1.2680e+02 
 155    4  3.4762e-07  1.3557e-03  5.3875e+01 
 155    5  1.6709e-07  4.2592e-04  2.9020e+01 
 155    6  4.1446e-08  1.3646e-04  7.1400e+00 
 155    7  1.1430e-08  4.5116e-05  1.9800e+00 
 155    8  3.7438e-09  1.3222e-05  6.6117e-01 
 156    1  3.8770e-04  1.8721e-01  3.5180e+04 
 156    2  1.8171e-04  3.6343e-01  3.4980e+04 
 156    3  6.6943e-07  3.0973e-03  1.2050e+02 
 156    4  1.4392e-07  1.0438e-03  2.5963e+01 
 156    5  3.9565e-08  2.9155e-04  6.9635e+00 
 156    6  1.2774e-08  8.6264e-05  2.2249e+00 
 156    7  5.7925e-09  2.4955e-05  1.0150e+00 
 156    8  1.5685e-09  7.8791e-06  2.2232e-01 
 157    1  3.8733e-04  1.7938e-01  3.4405e+04 
 157    2  1.7784e-04  3.4419e-01  3.4093e+04 
 157    3  6.3349e-07  3.4343e-03  1.1020e+02 
 157    4  2.1553e-07  1.1229e-03  3.4994e+01 
 157    5  9.1433e-08  3.3634e-04  1.5743e+01 
 157    6  2.7932e-08  1.2686e-04  4.6472e+00 
 157    7  1.0802e-08  4.5186e-05  1.8801e+00 
 157    8  3.5576e-09  1.5232e-05  6.5737e-01 
 158    1  3.8556e-04  1.6881e-01  3.3726e+04 
 158    2  1.7512e-04  3.2400e-01  3.3427e+04 
 158    3  7.4686e-07  3.0892e-03  1.2614e+02 
 158    4  2.3332e-07  1.2376e-03  4.0524e+01 
 158    5  8.0551e-08  4.1334e-04  1.3859e+01 
 158    6  2.9090e-08  1.3172e-04  4.5479e+00 
 158    7  1.3768e-08  4.1591e-05  2.4411e+00 
 158    8  3.6665e-09  1.2367e-05  6.7777e-01 
 159    1  3.8202e-04  1.6015e-01  3.3090e+04 
 159    2  1.7403e-04  3.1262e-01  3.3059e+04 
 159    3  1.1508e-06  3.4075e-03  2.1006e+02 
 159    4  2.5363e-07  1.2851e-03  4.5110e+01 
 159    5  5.0024e-08  3.7839e-04  9.0844e+00 
 159    6  1.3930e-08  9.1425e-05  2.3559e+00 
 159    7  5.1818e-09  3.0458e-05  8.7857e-01 
 159    8  1.9316e-09  9.5133e-06  3.1706e-01 
 160    1  3.7708e-04  1.5756e-01  3.2433e+04 
 160    2  1.7061e-04  3.1217e-01  3.2275e+04 
 160    3  7.3511e-07  3.8309e-03  1.1293e+02 
 160    4  3.3789e-07  1.3573e-03  5.5168e+01 
 160    5  1.2554e-07  4.3220e-04  2.2791e+01 
 160    6  2.5619e-08  1.1110e-04  4.6130e+00 
 160    7  4.7588e-09  3.3309e-05  8.3723e-01 
 160    8  1.6113e-09  9.8661e-06  2.8175e-01 
 161    1  3.7119e-04  1.5903e-01  3.1887e+04 
 161    2  1.6773e-04  3.1474e-01  3.1604e+04 
 161    3  8.9250e-07  3.7490e-03  1.5282e+02 
 161    4  3.0877e-07  1.5557e-03  4.5859e+01 
 161    5  1.4635e-07  4.8511e-04  2.4944e+01 
 161    6  4.3263e-08  1.2210e-04  6.8172e+00 
 161    7  1.9249e-08  3.9850e-05  3.3776e+00 
 161    8  3.9719e-09  1.2929e-05  6.4127e-01 
 161    9  1.7662e-09  3.8362e-06  3.1722e-01 
 162    1  3.6433e-04  1.5994e-01  3.1498e+04 
 162    2  1.6727e-04  3.1325e-01  3.1408e+04 
 162    3  6.8042e-07  3.2783e-03  1.2169e+02 
 162    4  1.9340e-07  1.1940e-03  3.6031e+01 
 162    5  4.7686e-08  2.6876e-04  7.8129e+00 
 162    6  1.9729e-08  8.3569e-05  2.9169e+00 
 162    7  9.2578e-09  3.0698e-05  1.4830e+00 
 162    8  3.6111e-09  1.0045e-05  6.2418e-01 
 163    1  3.5677e-04  1.5732e-01  3.1173e+04 
 163    2  1.6647e-04  3.0816e-01  3.1163e+04 
 163    3  5.5226e-07  3.3129e-03  9.7283e+01 
 163    4  1.8960e-07  1.1415e-03  3.2302e+01 
 163    5  8.7453e-08  3.3893e-04  1.5654e+01 
 163    6  1.2201e-08  9.6624e-05  2.0300e+00 
 163    7  5.1967e-09  3.0465e-05  9.1445e-01 
 163    8  1.7471e-09  9.7993e-06  2.9169e-01 
 164    1  3.4904e-04  1.5535e-01  3.0986e+04 
 164    2  1.6448e-04  3.0943e-01  3.0737e+04 
 164    3  1.7892e-06  3.7447e-03  3.2151e+02 
 164    4  2.1386e-07  1.2597e-03  3.7744e+01 
 164    5  4.7467e-08  3.1725e-04  7.8953e+00 
 164    6  2.0771e-08  8.0803e-05  3.7276e+00 
 164    7  4.0911e-09  2.2998e-05  6.7187e-01 
 164    8  1.7391e-09  7.6184e-06  3.2126e-01 
 165    1  3.4140e-04  1.5954e-01  3.1005e+04 
 165    2  1.6638e-04  3.2608e-01  3.1059e+04 
 165    3  5.4137e-07  3.2874e-03  9.6733e+01 
 165    4  1.4932e-07  1.1934e-03  2.7176e+01 
 165    5  3.9665e-08  2.7266e-04  6.8525e+00 
 165    6  1.3387e-08  7.3001e-05  2.3460e+00 
 165    7  4.6721e-09  2.4451e-05  8.2545e-01 
 165    8  1.3166e-09  8.1102e-06  2.4055e-01 
 166    1  3.3448e-04  1.7133e-01  3.1119e+04 
 166    2  1.6710e-04  3.5445e-01  3.1189e+04 
 166    3  3.5848e-07  3.1636e-03  6.1960e+01 
 166    4  1.5262e-07  1.1616e-03  2.7385e+01 
 166    5  6.3722e-08  3.3729e-04  1.1000e+01 
 166    6  2.1498e-08  1.0763e-04  3.0315e+00 
 166    7  1.1257e-08  3.3122e-05  1.9029e+00 
 166    8  3.7514e-09  1.0864e-05  6.6297e-01 
 166    9  7.4320e-10  2.8737e-06  1.3293e-01 
 167    1  3.2929e-04  1.8651e-01  3.1297e+04 
 167    2  1.6731e-04  3.8397e-01  3.1248e+04 
 167    3  1.0166e-06  3.1092e-03  1.8954e+02 
 167    4  1.7495e-07  1.0836e-03  2.6906e+01 
 167    5  7.9418e-08  2.9198e-04  1.2491e+01 
 167    6  3.1286e-08  9.3570e-05  5.1406e+00 
 167    7  1.2467e-08  2.9364e-05  2.2168e+00 
 167    8  2.6932e-09  1.0048e-05  4.6239e-01 
 168    1  3.2632e-04  2.0023e-01  3.1607e+04 
 168    2  1.6929e-04  4.0666e-01  3.1655e+04 
 168    3  4.5345e-07  2.8281e-03  7.3395e+01 
 168    4  1.6931e-07  9.4390e-04  2.5524e+01 
 168    5  8.2064e-08  2.5014e-04  1.4162e+01 
 168    6  2.2578e-08  7.8980e-05  3.5281e+00 
 168    7  9.4702e-09  3.1820e-05  1.5497e+00 
 168    8  4.6844e-09  1.0842e-05  8.5055e-01 
 168    9  3.7205e-10  3.2001e-06  6.6270e-02 
 169    1  3.2556e-04  2.0895e-01  3.1976e+04 
 169    2  1.7132e-04  4.1941e-01  3.2076e+04 
 169    3  4.7520e-07  2.7960e-03  7.6730e+01 
 169    4  2.3104e-07  1.2238e-03  3.9827e+01 
 169    5  8.4954e-08  4.4632e-04  1.5364e+01 
 169    6  1.9258e-08  1.1821e-04  3.4538e+00 
 169    7  5.6534e-09  3.0097e-05  1.0114e+00 
 169    8  1.1775e-09  1.0340e-05  2.1179e-01 
 170    1  3.2712e-04  2.1290e-01  3.2312e+04 
 170    2  1.7329e-04  4.2418e-01  3.2478e+04 
 170    3  4.5584e-07  2.5758e-03  7.1509e+01 
 170    4  2.1876e-07  8.2853e-04  3.8068e+01 
 170    5  5.9525e-08  2.5925e-04  1.0424e+01 
 170    6  1.6570e-08  7.2397e-05  3.0150e+00 
 170    7  3.3448e-09  2.1628e-05  6.0762e-01 
 170    8  6.6723e-10  5.6674e-06  1.2136e-01 
 171    1  3.3067e-04  2.1381e-01  3.2682e+04 
 171    2  1.7518e-04  4.2412e-01  3.2857e+04 
 171    3  6.3566e-07  3.0506e-03  1.0683e+02 
 171    4  2.9316e-07  1.1439e-03  5.1264e+01 
 171    5  8.5884e-08  2.8609e-04  1.5264e+01 
 171    6  1.0837e-08  8.3992e-05  1.9212e+00 
 171    7  4.0588e-09  2.3238e-05  7.0247e-01 
 171    8  1.0585e-09  7.0360e-06  1.7280e-01 
 172    1  3.3551e-04  2.1317e-01  3.3049e+04 
 172    2  1.7743e-04  4.2274e-01  3.3289e+04 
 172    3  8.9195e-07  3.3996e-03  1.5300e+02 
 172    4  2.8473e-07  1.0470e-03  5.2654e+01 
 172    5  5.1096e-08  3.2310e-04  9.1979e+00 
 172    6  1.9161e-08  1.1769e-04  3.3526e+00 
 172    7  6.1499e-09  3.6469e-05  9.5198e-01 
 172    8  3.3712e-09  1.0147e-05  6.1832e-01 
 172    9  5.8583e-10  3.3868e-06  1.0469e-01 
 173    1  3.4138e-04  2.1279e-01  3.3309e+04 
 173    2  1.7779e-04  4.2361e-01  3.3357e+04 
 173    3  6.0313e-07  2.6002e-03  9.6997e+01 
 173    4  2.5087e-07  9.0447e-04  4.3741e+01 
 173    5  6.9242e-08  2.5357e-04  1.1613e+01 
 173    6  2.6938e-08  8.1483e-05  4.8163e+00 
 173    7  6.4604e-09  3.0246e-05  1.1583e+00 
 173    8  1.8135e-09  9.5618e-06  3.2321e-01 
 174    1  3.4819e-04  2.1377e-01  3.3483e+04 
 174    2  1.7810e-04  4.2639e-01  3.3394e+04 
 174    3  1.0523e-06  3.0886e-03  1.8891e+02 
 174    4  1.8762e-07  1.0526e-03  3.3005e+01 
 174    5  7.2259e-08  2.9474e-04  1.2869e+01 
 174    6  1.6643e-08  1.1097e-04  3.0128e+00 
 174    7  4.5982e-09  3.5252e-05  7.4825e-01 
 174    8  2.2771e-09  1.1117e-05  4.0963e-01 
 175    1  3.5559e-04  2.1559e-01  3.3616e+04 
 175    2  1.7946e-04  4.2876e-01  3.3600e+04 
 175    3  3.1818e-07  3.0658e-03  5.6990e+01 
 175    4  1.2356e-07  8.8823e-04  2.1671e+01 
 175    5  4.3980e-08  2.2571e-04  7.8911e+00 
 175    6  8.8626e-09  6.5998e-05  1.4295e+00 
 175    7  4.8428e-09  1.8697e-05  8.7653e-01 
 175    8  6.1651e-10  4.9229e-06  1.0842e-01 
 176    1  3.6331e-04  2.1582e-01  3.3620e+04 
 176    2  1.8002e-04  4.2610e-01  3.3644e+04 
 176    3  4.7824e-07  2.5748e-03  6.9158e+01 
 176    4  2.4698e-07  8.7458e-04  4.3218e+01 
 176    5  6.9089e-08  2.7345e-04  1.0691e+01 
 176    6  3.8846e-08  9.6198e-05  7.0551e+00 
 176    7  2.9882e-09  2.8195e-05  5.5058e-01 
 177    1  3.7119e-04  2.1223e-01  3.3494e+04 
 177    2  1.7855e-04  4.1439e-01  3.3309e+04 
 177    3  1.2578e-06  2.9266e-03  2.2479e+02 
 177    4  2.2128e-07  9.7434e-04  3.9634e+01 
 177    5  2.9306e-08  2.4087e-04  5.2243e+00 
 177    6  1.1520e-08  6.9258e-05  2.1062e+00 
 177    7  3.3238e-09  2.2458e-05  5.1677e-01 
 178    1  3.7860e-04  2.0426e-01  3.3318e+04 
 178    2  1.7835e-04  3.9400e-01  3.3181e+04 
 178    3  5.3904e-07  2.8604e-03  9.3190e+01 
 178    4  1.8120e-07  1.0287e-03  3.2484e+01 
 178    5  4.9033e-08  3.5425e-04  8.7167e+00 
 178    6  1.8177e-08  1.1785e-04  3.2609e+00 
 178    7  5.1393e-09  4.0202e-05  9.0286e-01 
 178    8  1.6896e-09  1.1323e-05  2.6830e-01 
 179    1  3.8480e-04  1.9213e-01  3.3058e+04 
 179    2  1.7783e-04  3.6759e-01  3.2984e+04 
 179    3  5.2993e-07  2.8439e-03  8.6194e+01 
 179    4  2.3284e-07  1.1934e-03  4.0566e+01 
 179    5  8.3407e-08  4.1801e-04  1.4940e+01 
 179    6  2.2381e-08  1.4409e-04  4.0297e+00 
 179    7  6.4620e-09  4.3626e-05  1.0765e+00 
 179    8  2.8542e-09  1.0838e-05  5.2096e-01 
 180    1  3.8945e-04  1.7815e-01  3.2677e+04 
 180    2  1.7576e-04  3.4073e-01  3.2496e+04 
 180    3  5.3195e-07  2.4185e-03  9.6827e+01 
 180    4  1.6147e-07  9.0201e-04  2.8717e+01 
 180    5  6.5055e-08  3.5619e-04  1.1157e+01 
 180    6  2.7365e-08  8.8987e-05  4.9104e+00 
 180    7  3.8272e-09  2.6585e-05  6.6169e-01 
 181    1  3.9234e-04  1.6603e-01  3.2264e+04 
 181    2  1.7375e-04  3.2122e-01  3.2014e+04 
 181    3  7.3566e-07  2.4740e-03  1.2781e+02 
 181    4  1.6083e-07  8.2844e-04  2.9004e+01 
 181    5  4.3685e-08  2.4585e-04  6.8022e+00 
 181    6  2.0158e-08  7.7970e-05  3.4981e+00 
 181    7  5.3266e-09  2.3681e-05  8.3282e-01 
 181    8  2.2718e-09  7.7193e-06  3.9681e-01 
 182    1  3.9324e-04  1.5940e-01  3.1847e+04 
 182    2  1.7317e-04  3.1399e-01  3.1780e+04 
 182    3  6.4162e-07  3.0577e-03  1.1236e+02 
 182    4  1.6093e-07  1.0983e-03  2.9240e+01 
 182    5  4.1699e-08  2.8172e-04  7.4549e+00 
 182    6  1.2523e-08  8.0931e-05  2.2119e+00 
 182    7  4.1801e-09  2.2712e-05  7.7441e-01 
 182    8  6.8959e-10  6.6177e-06  1.2269e-01 
 183    1  3.9239e-04  1.5899e-01  3.1375e+04 
 183    2  1.7068e-04  3.1791e-01  3.1211e+04 
 183    3  5.0293e-07  2.5422e-03  8.3401e+01 
 183    4  1.8161e-07  9.3995e-04  3.1226e+01 
 183    5  7.2859e-08  2.6105e-04  1.3079e+01 
 183    6  1.0304e-08  8.0276e-05  1.8727e+00 
 183    7  3.7673e-09  2.5405e-05  6.6789e-01 
 184    1  3.9026e-04  1.6261e-01  3.0888e+04 
 184    2  1.6832e-04  3.2654e-01  3.0668e+04 
 184    3  6.9447e-07  2.6977e-03  1.2316e+02 
 184    4  1.9140e-07  1.0333e-03  3.1247e+01 
 184    5  8.1496e-08  3.6057e-04  1.4220e+01 
 184    6  2.0386e-08  1.1771e-04  3.4424e+00 
 184    7  9.4142e-09  3.1902e-05  1.6845e+00 
 184    8  1.2083e-09  1.0057e-05  2.1563e-01 
 185    1  3.8700e-04  1.6727e-01  3.0457e+04 
 185    2  1.6701e-04  3.3499e-01  3.0314e+04 
 185    3  4.2562e-07  2.6984e-03  7.4576e+01 
 185    4  1.6185e-07  9.3093e-04  2.9215e+01 
 185    5  3.8456e-08  2.5048e-04  5.9014e+00 
 185    6  2.1154e-08  7.6138e-05  3.7477e+00 
 185    7  3.8959e-09  2.4756e-05  6.8317e-01 
 185    8  1.6064e-09  8.8308e-06  2.8379e-01 
 186    1  3.8275e-04  1.7090e-01  3.0018e+04 
 186    2  1.6560e-04  3.3999e-01  2.9946e+04 
 186    3  6.9963e-07  2.7496e-03  1.1355e+02 
 186    4  2.5366e-07  9.4316e-04  4.1985e+01 
 186    5  1.0072e-07  3.5816e-04  1.7853e+01 
 186    6  2.3505e-08  1.1468e-04  4.0841e+00 
 186    7  7.8511e-09  3.5809e-05  1.4169e+00 
 186    8  1.2431e-09  9.6146e-06  2.1459e-01 
 187    1  3.7782e-04  1.7209e-01  2.9563e+04 
 187    2  1.6276e-04  3.3978e-01  2.9336e+04 
 187    3  8.3815e-07  2.8407e-03  1.5306e+02 
 187    4  1.1678e-07  8.6191e-04  1.9718e+01 
 187    5  5.7207e-08  2.4090e-04  1.0342e+01 
 187    6  9.8971e-09  7.2291e-05  1.7299e+00 
 187    7  3.1674e-09  2.4463e-05  5.7084e-01 
 188    1  3.7217e-04  1.7036e-01  2.9168e+04 
 188    2  1.6124e-04  3.3279e-01  2.8962e+04 
 188    3  8.9795e-07  2.9552e-03  1.4240e+02 
 188    4  4.4302e-07  1.0910e-03  7.9381e+01 
 188    5  8.1044e-08  3.9375e-04  1.4457e+01 
 188    6  2.4762e-08  1.1497e-04  3.9758e+00 
 188    7  1.0125e-08  3.5906e-05  1.7919e+00 
 188    8  1.7670e-09  1.0842e-05  2.8167e-01 
 189    1  3.6560e-04  1.6551e-01  2.8822e+04 
 189    2  1.6041e-04  3.2202e-01  2.8724e+04 
 189    3  4.1821e-07  2.6250e-03  7.2554e+01 
 189    4  1.4107e-07  9.5668e-04  2.5928e+01 
 189    5  3.2471e-08  2.6254e-04  5.8664e+00 
 189    6  1.1802e-08  8.2480e-05  2.1019e+00 
 189    7  5.1094e-09  2.6845e-05  7.9009e-01 
 189    8  2.2186e-09  8.3973e-06  3.4769e-01 
 190    1  3.5825e-04  1.5981e-01  2.8478e+04 
 190    2  1.5861e-04  3.1357e-01  2.8335e+04 
 190    3  7.4605e-07  2.7958e-03  1.3292e+02 
 190    4  2.2560e-07  1.1389e-03  4.0746e+01 
 190    5  5.3325e-08  3.5003e-04  9.6704e+00 
 190    6  2.0043e-08  1.0313e-04  3.4693e+00 
 190    7  6.0461e-09  3.4921e-05  1.0534e+00 
 190    8  2.1636e-09  1.1478e-05  2.4528e-01 
 191    1  3.5033e-04  1.5754e-01  2.8201e+04 
 191    2  1.5745e-04  3.1574e-01  2.8077e+04 
 191    3  5.1201e-07  2.6390e-03  7.5899e+01 
 191    4  2.6482e-07  9.2146e-04  4.4964e+01 
 191    5  9.2380e-08  2.7867e-04  1.6077e+01 
 191    6  2.3410e-08  1.1482e-04  3.9460e+00 
 191    7  1.0236e-08  3.6551e-05  1.8660e+00 
 191    8  1.7257e-09  1.1415e-05  3.0855e-01 
 192    1  3.4198e-04  1.6235e-01  2.7998e+04 
 192    2  1.5671e-04  3.3246e-01  2.7916e+04 
 192    3  3.1446e-07  2.4687e-03  5.4766e+01 
 192    4  1.2142e-07  8.7411e-04  2.1692e+01 
 192    5  3.5694e-08  2.3884e-04  6.2801e+00 
 192    6  8.5675e-09  6.2871e-05  1.2686e+00 
 192    7  4.9712e-09  1.9952e-05  8.7526e-01 
 192    8  8.6503e-10  5.5413e-06  1.5150e-01 
 193    1  3.3369e-04  1.7370e-01  2.7784e+04 
 193    2  1.5547e-04  3.5853e-01  2.7686e+04 
 193    3  7.8293e-07  2.0305e-03  1.3636e+02 
 193    4  2.4369e-07  7.0501e-04  4.4370e+01 
 193    5  2.9030e-08  1.8279e-04  5.2102e+00 
 193    6  9.3127e-09  6.1218e-05  1.6344e+00 
 193    7  2.7613e-09  1.9958e-05  5.0580e-01 
 194    1  3.2609e-04  1.8731e-01  2.7573e+04 
 194    2  1.5497e-04  3.8429e-01  2.7594e+04 
 194    3  5.8883e-07  2.9727e-03  1.0137e+02 
 194    4  1.9818e-07  9.4496e-04  3.6697e+01 
 194    5  2.8305e-08  2.3846e-04  5.1312e+00 
 194    6  8.6078e-09  7.2239e-05  1.6026e+00 
 194    7  2.0523e-09  1.9956e-05  3.5374e-01 
 195    1  3.1942e-04  1.9907e-01  2.7397e+04 
 195    2  1.5360e-04  4.0413e-01  2.7361e+04 
 195    3  6.5660e-07  2.3842e-03  1.2028e+02 
 195    4  9.7014e-08  8.2325e-04  1.7944e+01 
 195    5  3.2149e-08  2.2712e-04  5.4856e+00 
 195    6  1.7281e-08  8.1990e-05  3.0001e+00 
 195    7  6.0608e-09  3.2169e-05  1.0400e+00 
 195    8  2.3596e-09  1.1354e-05  4.2404e-01 
 196    1  3.1392e-04  2.0692e-01  2.7204e+04 
 196    2  1.5252e-04  4.1561e-01  2.7190e+04 
 196    3  4.1974e-07  2.0631e-03  7.3159e+01 
 196    4  1.2991e-07  6.6714e-04  1.8701e+01 
 196    5  6.8106e-08  1.9504e-04  1.2008e+01 
 196    6  1.3733e-08  5.3008e-05  2.3973e+00 
 196    7  3.5401e-09  1.6111e-05  6.2749e-01 
 196    8  8.6236e-10  5.3204e-06  1.5520e-01 
 197    1  3.0993e-04  2.1063e-01  2.7003e+04 
 197    2  1.5140e-04  4.2057e-01  2.7022e+04 
 197    3  5.6517e-07  2.6074e-03  8.7694e+01 
 197    4  3.0140e-07  1.1370e-03  5.4885e+01 
 197    5  3.7148e-08  2.9916e-04  6.8741e+00 
 197    6  9.9546e-09  7.3964e-05  1.7734e+00 
 197    7  3.1894e-09  2.0999e-05  5.6799e-01 
 197    8  8.2702e-10  6.5117e-06  1.4565e-01 
 198    1  3.0751e-04  2.1208e-01  2.6862e+04 
 198    2  1.5012e-04  4.2279e-01  2.6836e+04 
 198    3  3.5588e-07  2.4777e-03  6.0497e+01 
 198    4  1.2822e-07  8.2657e-04  2.2894e+01 
 198    5  3.3757e-08  2.2473e-04  6.2334e+00 
 198    6  8.6338e-09  6.7731e-05  1.5078e+00 
 198    7  3.6458e-09  2.3078e-05  6.6048e-01 
 198    8  1.0560e-09  6.8919e-06  1.8648e-01 
 199    1  3.0666e-04  2.1319e-01  2.6771e+04 
 199    2  1.4958e-04  4.2507e-01  2.6791e+04 
 199    3  1.0924e-06  2.7845e-03  1.7910e+02 
 199    4  4.1541e-07  1.0896e-03  7.4450e+01 
 199    5  5.4548e-08  2.9711e-04  9.6310e+00 
 199    6  1.5156e-08  9.5029e-05  2.5199e+00 
 199    7  7.2129e-09  2.7875e-05  1.3109e+00 
 199    8  1.1934e-09  8.8897e-06  2.0955e-01 
 200    1  3.0764e-04  2.1436e-01  2.6698e+04 
 200    2  1.4852e-04  4.2727e-01  2.6673e+04 
 200    3  5.3015e-07  2.4245e-03  9.1905e+01 
 200    4  1.7569e-07  8.3439e-04  3.1283e+01 
 200    5  4.9167e-08  2.3721e-04  8.8671e+00 
 200    6  1.1207e-08  7.1667e-05  1.7529e+00 
 200    7  5.2695e-09  2.6584e-05  8.1126e-01 
 200    8  2.5903e-09  9.1081e-06  4.6033e-01 
 201    1  3.1050e-04  2.1516e-01  2.6672e+04 
 201    2  1.4804e-04  4.2805e-01  2.6652e+04 
 201    3  4.1007e-07  1.8924e-03  6.5455e+01 
 201    4  1.7878e-07  6.5973e-04  3.0232e+01 
 201    5  5.9170e-08  2.2829e-04  1.0171e+01 
 201    6  2.1912e-08  8.7313e-05  3.9565e+00 
 201    7  3.6616e-09  2.6515e-05  6.1495e-01 
 201    8  1.4874e-09  8.1589e-06  2.6618e-01 
