0.0000e+00  0.0000e+00  0.0000e+00  0.0000e+00
1.0000e-03  -2.4572e-02  2.7662e-06  0.0000e+00
2.0000e-03  -1.0692e-01  -3.1045e-05  0.0000e+00
3.0000e-03  -2.1632e-01  4.7126e-05  0.0000e+00
4.0000e-03  -2.8914e-01  -1.4232e-04  0.0000e+00
5.0000e-03  -3.2272e-01  4.0028e-04  0.0000e+00
6.0000e-03  -3.6480e-01  -6.9574e-04  0.0000e+00
7.0000e-03  -4.3956e-01  9.6769e-04  0.0000e+00
8.0000e-03  -5.2414e-01  -1.3166e-03  0.0000e+00
9.0000e-03  -5.8782e-01  1.6408e-03  0.0000e+00
1.0000e-02  -6.3251e-01  -1.7534e-03  0.0000e+00