   1    1  5.9600e-08  0.0000e+00  5.3428e+01 
   1    2  3.4725e-08  6.6766e-05  4.0736e+01 
   1    3  2.2496e-08  2.4434e-05  1.2892e+01 
   1    4  4.4470e-08  2.2334e-06  4.7684e-01 
   1    5  2.4897e-08  2.0000e-06  8.4573e-01 
   1    6  1.4997e-09  2.5342e-07  1.7899e-02 
   1    7  3.1580e-10  9.2197e-08  3.9161e-03 
   1    8  1.6493e-10  5.4691e-08  2.7667e-03 
   1    9  5.9309e-11  1.8537e-08  2.2637e-03 
   2    1  1.9950e-07  4.2288e-05  1.5187e+02 
   2    2  6.6188e-08  1.4012e-04  5.9365e+01 
   2    3  3.2415e-08  1.5900e-05  3.4383e+00 
   2    4  1.1146e-08  6.1734e-06  6.3674e-01 
   2    5  2.3583e-09  1.6952e-06  1.3141e-01 
   2    6  1.1306e-09  6.0759e-07  1.9774e-02 
   2    7  1.2663e-10  1.0385e-07  1.8606e-03 
   2    8  2.5329e-11  2.2760e-08  8.8751e-04 
   3    1  3.0460e-07  1.0229e-04  1.4769e+02 
   3    2  5.3685e-08  2.0967e-04  3.1345e+01 
   3    3  1.4626e-09  1.5854e-06  7.9172e-01 
   3    4  5.2178e-10  2.5389e-07  8.1952e-03 
   3    5  3.8174e-11  1.8739e-08  2.3082e-03 
   4    1  3.3334e-07  1.1652e-04  4.5005e+01 
   4    2  2.2676e-08  1.8394e-04  3.6004e+01 
   4    3  3.0988e-10  4.1202e-07  2.6293e-02 
   4    4  6.8085e-11  2.1489e-08  9.8130e-04 
   5    1  3.3507e-07  9.3760e-05  4.1627e+00 
   5    2  3.3646e-08  1.8539e-04  3.9222e+01 
   5    3  2.4922e-10  4.3566e-07  3.8409e-02 
   5    4  2.5812e-11  1.4926e-08  1.9038e-03 
   6    1  3.5078e-07  1.2366e-04  5.9562e+01 
   6    2  2.4667e-08  2.3510e-04  8.0923e+00 
   6    3  9.6222e-11  3.2528e-07  2.9014e-02 
   7    1  3.6325e-07  1.2562e-04  1.1489e+02 
   7    2  2.3209e-08  1.6737e-04  3.1905e+01 
   7    3  5.2943e-10  1.4591e-07  1.9827e-02 
   7    4  3.6281e-11  6.2169e-09  6.4915e-04 
   8    1  3.4731e-07  6.8545e-05  9.9459e+01 
   8    2  1.7956e-08  1.1000e-04  8.6019e+00 
   8    3  4.0531e-10  7.5197e-08  7.3450e-03 
   8    4  8.2169e-12  2.4179e-09  1.1160e-04 
   9    1  3.5150e-07  1.0163e-04  5.2765e+01 
   9    2  2.3092e-08  2.2914e-04  1.9006e+01 
   9    3  9.1810e-11  1.7547e-08  1.5949e-03 
  10    1  3.3435e-07  1.3795e-04  4.3064e+01 
  10    2  2.6563e-08  2.0410e-04  1.4576e+01 
  10    3  6.5417e-11  1.6797e-08  1.5101e-03 
