0.0000e+00  0.0000e+00  0.0000e+00  0.0000e+00
2.5000e-02  5.9525e+00  1.6160e+00  5.8453e-05
5.0000e-02  5.1937e+00  1.4311e+00  1.3167e-04
7.5000e-02  4.9462e+00  1.3393e+00  -2.3956e-04
1.0000e-01  4.3359e+00  1.2836e+00  1.2917e-04
1.2500e-01  4.2468e+00  1.1283e+00  1.9991e-05
1.5000e-01  3.9725e+00  1.1145e+00  -1.1638e-03
1.7500e-01  4.3452e+00  1.0191e+00  1.0311e-04
2.0000e-01  3.9167e+00  9.5962e-01  -4.6592e-04
2.2500e-01  3.7397e+00  9.4261e-01  -1.5000e-03
2.5000e-01  4.4426e+00  7.8771e-01  1.0748e-04
2.7500e-01  4.1257e+00  7.9231e-01  -7.3640e-04
3.0000e-01  4.1016e+00  7.1992e-01  1.6442e-05
3.2500e-01  4.2431e+00  6.2388e-01  2.7424e-04
3.5000e-01  4.5617e+00  5.3887e-01  -7.6000e-04
3.7500e-01  4.5171e+00  4.7235e-01  6.9268e-04
4.0000e-01  4.2131e+00  4.6393e-01  9.1362e-05
4.2500e-01  4.7042e+00  3.4488e-01  -1.3593e-05
4.5000e-01  4.7109e+00  2.8128e-01  -4.7380e-05
4.7500e-01  4.4530e+00  3.1703e-01  -6.1600e-04
5.0000e-01  4.5501e+00  2.6221e-01  -7.2096e-04
5.2500e-01  4.7268e+00  2.3037e-01  -1.3415e-03
5.5000e-01  4.6716e+00  2.2337e-01  -1.1664e-03
5.7500e-01  4.4974e+00  2.5208e-01  -1.6420e-03
6.0000e-01  4.6149e+00  2.6880e-01  -9.6267e-04
6.2500e-01  4.6079e+00  2.5700e-01  -9.6016e-04
6.5000e-01  4.3885e+00  3.0771e-01  -1.3470e-03
6.7500e-01  4.3396e+00  3.3823e-01  -1.5059e-04
7.0000e-01  4.4891e+00  3.1553e-01  -1.2383e-03
7.2500e-01  4.4242e+00  3.5187e-01  -1.2668e-03
7.5000e-01  4.1519e+00  3.9624e-01  1.9630e-04
7.7500e-01  4.4174e+00  3.5214e-01  -3.3303e-04
8.0000e-01  4.5535e+00  3.7692e-01  3.1417e-05
8.2500e-01  4.2056e+00  4.1865e-01  6.8134e-04
8.5000e-01  4.3524e+00  4.2330e-01  8.5191e-05
8.7500e-01  4.6493e+00  3.8399e-01  7.0538e-04
9.0000e-01  4.5573e+00  4.0257e-01  2.2309e-04
9.2500e-01  4.3770e+00  4.6221e-01  -3.5320e-04
9.5000e-01  4.5705e+00  4.3221e-01  4.0527e-04
9.7500e-01  4.8343e+00  4.0111e-01  -1.6541e-03
1.0000e+00  4.6336e+00  4.6436e-01  -1.4505e-03
1.0250e+00  4.5809e+00  4.8034e-01  -8.3326e-04
1.0500e+00  4.8118e+00  4.9896e-01  -2.6026e-03
1.0750e+00  4.8956e+00  5.0513e-01  -6.3535e-04
1.1000e+00  4.7112e+00  5.7687e-01  1.5940e-04
1.1250e+00  4.7153e+00  6.4043e-01  -6.0102e-04
1.1500e+00  4.9401e+00  6.3488e-01  -2.0478e-04
1.1750e+00  4.7776e+00  6.9931e-01  -3.7165e-05
1.2000e+00  4.6267e+00  7.4105e-01  2.1623e-04
1.2250e+00  4.7451e+00  7.7473e-01  -3.9871e-04
1.2500e+00  4.6596e+00  8.2899e-01  4.9590e-04
1.2750e+00  4.4981e+00  8.4506e-01  1.3032e-04
1.3000e+00  4.4856e+00  8.9194e-01  -4.3643e-04
1.3250e+00  4.5642e+00  9.4055e-01  9.6440e-04
1.3500e+00  4.5372e+00  9.4586e-01  2.8795e-04
1.3750e+00  4.2722e+00  9.9134e-01  2.8848e-04
1.4000e+00  4.5331e+00  9.8131e-01  5.2564e-05
1.4250e+00  4.5824e+00  9.9954e-01  -1.0291e-04
1.4500e+00  4.2470e+00  1.0037e+00  3.2676e-04
1.4750e+00  4.4589e+00  9.7861e-01  -8.0788e-04
1.5000e+00  4.5338e+00  9.7237e-01  -1.7679e-04
1.5250e+00  4.4980e+00  9.5847e-01  -2.3849e-04
1.5500e+00  4.3964e+00  9.3684e-01  -8.6152e-04
1.5750e+00  4.3845e+00  9.2819e-01  3.1661e-04
1.6000e+00  4.6849e+00  8.7817e-01  1.4562e-04
1.6250e+00  4.5196e+00  8.7976e-01  -4.1550e-04
1.6500e+00  4.3827e+00  8.6732e-01  -2.4431e-04
1.6750e+00  4.6279e+00  8.2814e-01  2.4692e-04
1.7000e+00  4.5865e+00  8.1852e-01  -2.1373e-04
1.7250e+00  4.4021e+00  7.8983e-01  -7.0229e-04
1.7500e+00  4.3911e+00  7.8709e-01  4.3093e-04
1.7750e+00  4.4492e+00  7.5286e-01  4.6292e-04
1.8000e+00  4.3941e+00  7.1485e-01  5.3437e-04
1.8250e+00  4.1978e+00  7.1688e-01  9.6886e-04
1.8500e+00  4.3008e+00  6.8246e-01  -4.5969e-05
1.8750e+00  4.3354e+00  6.5789e-01  4.1782e-05
1.9000e+00  4.1217e+00  6.5975e-01  -4.3165e-04
1.9250e+00  4.2611e+00  6.0264e-01  -1.6062e-03
1.9500e+00  4.2904e+00  6.0767e-01  -1.0090e-03
1.9750e+00  4.2205e+00  5.7462e-01  -1.5992e-03
2.0000e+00  4.1370e+00  5.5419e-01  -1.6522e-03
2.0250e+00  4.2574e+00  5.1882e-01  -4.0636e-04
2.0500e+00  4.3785e+00  4.6342e-01  -4.2416e-04
2.0750e+00  4.1372e+00  4.7724e-01  -5.7943e-04
2.1000e+00  4.2687e+00  4.3487e-01  -4.2226e-05
2.1250e+00  4.4396e+00  3.6668e-01  3.5398e-04
2.1500e+00  4.3868e+00  3.7967e-01  -1.7918e-04
2.1750e+00  4.2980e+00  3.7176e-01  2.9135e-05
2.2000e+00  4.3709e+00  3.4697e-01  -1.1023e-03
2.2250e+00  4.6265e+00  2.9965e-01  -1.6801e-03
2.2500e+00  4.4679e+00  3.0305e-01  -3.6564e-05
2.2750e+00  4.3871e+00  3.2567e-01  -5.9304e-04
2.3000e+00  4.6420e+00  2.7022e-01  -6.7542e-04
2.3250e+00  4.5749e+00  2.7753e-01  -8.2560e-04
2.3500e+00  4.4330e+00  3.0727e-01  -4.5766e-04
2.3750e+00  4.5218e+00  3.0780e-01  1.4933e-04
2.4000e+00  4.5884e+00  3.1168e-01  -1.7088e-03
2.4250e+00  4.5610e+00  3.3553e-01  -1.0681e-03
2.4500e+00  4.5159e+00  3.5440e-01  -9.0327e-04
2.4750e+00  4.5748e+00  3.8392e-01  -2.0117e-03
2.5000e+00  4.6292e+00  3.9111e-01  -5.3347e-04
2.5250e+00  4.4980e+00  4.4180e-01  3.7785e-04
2.5500e+00  4.5572e+00  4.4648e-01  1.1343e-04
2.5750e+00  4.6647e+00  4.5770e-01  3.6957e-04
2.6000e+00  4.5507e+00  5.0496e-01  6.4639e-04
2.6250e+00  4.4813e+00  5.3056e-01  -1.4260e-04
2.6500e+00  4.6510e+00  5.3399e-01  -7.4409e-04
2.6750e+00  4.6821e+00  5.6250e-01  -1.0758e-03
2.7000e+00  4.5411e+00  6.0284e-01  -1.1627e-03
2.7250e+00  4.6395e+00  6.3429e-01  -1.1128e-03
2.7500e+00  4.7651e+00  6.4456e-01  -1.0830e-03
2.7750e+00  4.7323e+00  6.7721e-01  -4.0378e-04
2.8000e+00  4.5744e+00  7.3383e-01  -8.8664e-04
2.8250e+00  4.6760e+00  7.3711e-01  -4.6488e-04
2.8500e+00  4.8030e+00  7.5798e-01  -1.2477e-04
2.8750e+00  4.5890e+00  7.8648e-01  -9.6516e-04
2.9000e+00  4.5888e+00  8.0752e-01  -3.6061e-04
2.9250e+00  4.7010e+00  8.2847e-01  -1.1335e-04
2.9500e+00  4.6374e+00  8.4949e-01  -1.9922e-04
2.9750e+00  4.5957e+00  8.6571e-01  -1.8718e-04
3.0000e+00  4.5348e+00  8.9720e-01  7.9098e-04